13,3,23,2,13,23,11,18,15,1,12,11,19,15,15,12,2,4,22,6,6,19,13,5,5,6,23,19,1,18,19,18,10,9,20,19,5,16,1,1,5,12,16,21,5,20,17,16,5,23,14,10,4,17,4,4,19,10,25,17;20,15,3,13,14,17,12,16,15,22,1,25,10,9,12,6,9,14,9,10,5,10,24,7,14,25,15,13,15,4,19,24,25,5,7,16,5,13,5,22,9,9,7,7,17,24,11,13,10,8,12,8,4,15,7,2,9,16,1,20
16,23,14,15,16,4,10,1,6,2,2,20,4,17,14,5,24,9,18,12,2,9,4,8,21,9,19,13,3,21,4,21,25,16,5,5,6,22,23,2,1,4,16,22,20,15,2,25,25,19,3,6,4,9,7,15,6,11,25,20;14,17,6,20,5,18,8,12,7,18,3,9,25,24,9,3,1,10,24,8,7,11,3,15,24,2,6,7,3,15,7,15,23,9,7,7,10,14,3,24,9,2,21,21,15,5,23,3,5,21,25,23,10,15,23,7,16,13,21,10
16,16,1,8,1,19,6,18,15,8,10,7,1,13,7,15,12,21,7,25,7,6,7,4,9,16,3,18,2,7,17,25,13,23,12,3,16,17,17,18,19,4,21,13,4,8,8,11,19,25,15,4,6,13,22,2,9,20,15,5;2,8,6,18,24,13,8,25,18,14,25,11,24,23,14,13,20,3,16,7,18,18,5,16,20,8,13,11,22,2,20,15,4,5,17,24,17,21,24,1,23,14,16,23,10,2,7,5,9,24,19,22,18,9,5,14,2,23,24,3
15,8,11,4,19,21,21,18,15,17,11,20,10,1,23,14,18,13,14,15,19,13,22,16,19,24,1,6,3,25,5,10,24,3,16,10,10,5,9,22,12,7,7,17,4,1,12,1,11,10,3,7,5,2,1,17,1,16,20,22;11,13,4,3,19,4,9,9,5,5,13,6,5,5,25,9,16,22,12,8,11,1,1,13,4,15,14,24,19,14,6,19,14,17,13,21,23,3,14,23,2,25,11,15,1,13,9,22,22,15,16,3,23,25,5,20,18,19,12,24
15,2,25,22,4,12,14,9,23,22,19,9,7,22,18,23,8,22,3,2,22,10,1,12,8,4,10,11,2,11,18,14,11,10,24,9,20,1,3,12,6,6,12,7,13,21,18,13,5,16,16,7,5,6,17,3,4,1,9,10;24,2,5,25,12,22,10,22,18,24,9,9,4,3,5,19,9,15,5,8,21,6,2,13,2,21,21,2,11,1,19,17,20,13,23,13,5,10,9,24,19,14,4,18,21,9,17,24,1,19,8,1,5,19,14,2,6,4,17,17
20,1,20,1,21,18,24,10,21,9,19,22,4,17,4,24,2,4,12,7,1,8,20,22,11,20,11,5,15,22,23,7,12,4,5,20,11,7,18,13,14,25,6,10,24,1,22,15,18,8,23,21,20,15,5,23,8,14,6,7;13,1,19,16,2,6,6,1,11,7,15,23,22,18,9,14,15,15,2,9,24,22,13,4,8,20,19,23,22,17,16,6,18,21,25,5,13,18,20,15,5,6,18,3,8,2,23,13,20,6,17,24,20,5,13,5,7,11,5,10
20,22,9,19,8,8,18,1,4,14,4,8,1,12,24,9,17,16,1,19,6,5,23,18,24,25,19,10,16,10,10,11,24,10,13,18,19,3,12,3,7,25,10,1,6,21,4,2,12,12,10,21,19,17,20,10,11,24,22,19;3,17,18,11,20,2,7,16,24,1,11,1,21,14,13,24,6,8,19,8,10,2,15,4,6,1,2,2,16,4,4,4,23,17,9,24,20,24,15,16,19,19,11,6,2,23,6,15,24,10,9,23,2,25,20,10,19,21,7,3
19,14,19,15,2,10,10,1,4,23,4,22,10,1,15,8,23,7,8,11,18,12,13,5,10,7,18,23,14,1,24,21,11,16,15,25,14,14,2,7,25,5,21,5,8,14,9,17,4,24,23,24,18,8,24,24,2,18,1,11;12,20,16,23,17,17,8,23,9,17,24,21,1,21,25,20,2,3,14,11,5,12,13,1,15,8,3,16,13,19,15,8,9,4,5,21,1,9,5,13,23,3,6,22,18,9,8,7,12,1,5,2,7,15,22,18,11,15,21,25
19,8,8,8,11,2,4,18,12,4,11,9,7,21,10,15,14,19,22,21,23,9,17,1,23,12,2,2,16,11,12,1,23,22,23,24,25,10,24,22,18,3,1,20,15,9,16,4,25,3,11,22,20,10,15,11,5,3,17,21;25,10,18,19,9,11,8,13,22,13,19,21,25,20,4,5,21,23,8,11,13,17,14,4,13,14,10,20,5,5,3,6,13,25,15,13,8,13,1,15,13,17,1,25,13,5,16,11,16,3,25,1,14,11,4,23,21,25,25,17
22,3,22,21,14,6,3,1,4,3,3,20,17,24,9,9,10,23,18,3,19,24,9,4,14,18,21,22,16,17,22,3,13,5,9,9,1,16,20,25,14,20,2,20,4,4,25,12,20,1,25,18,22,2,16,22,20,5,17,2;19,13,21,25,25,14,4,9,14,9,21,5,16,10,2,2,13,16,24,7,15,19,19,10,21,17,1,14,18,15,15,24,13,6,15,2,13,15,24,17,13,11,15,14,11,13,2,23,11,17,12,16,22,9,20,3,3,24,20,5
22,21,12,13,24,22,24,18,12,8,11,6,15,19,2,18,24,9,7,13,24,21,11,25,2,23,5,25,15,3,9,7,25,11,14,8,12,12,15,14,9,17,8,10,13,21,7,24,13,5,12,18,22,6,6,9,21,15,7,12;7,3,21,23,18,9,4,22,2,5,17,7,15,8,6,11,6,9,18,7,1,25,20,10,19,23,8,16,10,4,3,22,16,2,25,21,20,19,18,17,5,24,10,17,4,10,10,2,15,21,6,15,2,3,4,10,14,9,23,23
21,15,21,10,18,24,14,18,12,17,12,20,23,8,18,18,7,1,15,5,11,2,3,14,12,5,3,14,15,21,23,17,12,17,19,15,5,24,7,18,2,22,17,14,15,15,12,14,5,17,23,19,21,22,10,22,14,9,12,4;16,8,19,8,13,23,5,4,12,22,5,3,20,13,18,8,25,3,13,8,21,9,16,7,3,7,9,7,8,16,15,2,2,14,21,16,1,4,9,16,9,8,5,8,22,19,12,19,3,12,3,20,7,19,4,17,5,5,12,21
21,9,10,3,3,16,9,9,21,23,20,6,20,3,13,2,20,13,4,15,14,2,6,8,25,12,12,17,17,7,9,22,24,23,1,13,16,20,1,10,21,20,22,4,22,9,19,1,24,21,10,18,20,24,1,11,17,19,1,15;4,22,20,5,6,18,5,19,25,16,1,5,17,11,22,18,19,21,5,8,4,14,17,7,24,13,19,9,1,3,3,1,7,10,5,10,8,10,5,16,23,22,23,11,17,17,20,21,7,15,20,19,15,15,11,23,16,15,16,12
24,4,2,15,6,20,7,18,14,24,9,16,6,6,11,21,17,16,25,21,12,15,22,12,14,16,7,12,17,10,21,24,14,6,12,1,19,24,23,13,16,12,22,6,12,5,1,9,19,19,24,15,23,16,4,20,4,19,1,20;23,24,22,10,23,21,3,15,15,14,4,14,9,1,20,15,11,17,21,6,6,15,22,15,9,15,10,3,15,14,17,17,6,14,5,24,12,12,3,20,23,16,14,25,13,23,7,10,2,4,8,8,23,13,2,3,23,12,11,1
25,23,14,8,17,12,2,9,23,5,19,4,3,1,5,3,5,3,14,9,17,12,25,8,2,21,16,16,16,21,7,3,1,12,18,22,4,20,17,3,12,11,4,19,19,24,8,21,14,23,12,12,24,21,19,7,7,4,16,6;11,15,23,7,16,15,2,3,3,8,23,14,6,25,1,24,5,9,15,5,17,20,23,15,7,21,17,8,6,1,5,17,11,10,15,18,17,17,22,20,15,4,7,3,8,21,14,12,6,6,2,7,3,7,11,8,8,22,16,19
23,15,1,4,11,14,17,9,21,14,18,18,12,15,22,2,14,19,22,23,2,18,16,22,15,5,14,4,17,14,20,13,12,18,22,6,22,9,9,6,3,17,13,25,21,16,13,11,7,10,25,15,21,9,21,21,24,23,21,23;20,19,22,18,11,5,3,12,15,24,13,10,11,6,11,21,23,4,10,6,12,5,21,12,14,3,18,21,4,15,16,22,22,23,9,13,25,1,13,19,19,13,2,19,24,6,18,4,19,22,24,12,10,24,11,15,24,18,2,16
24,11,13,22,21,4,13,1,4,19,1,4,9,10,16,12,2,6,11,11,7,17,19,18,3,10,23,9,16,25,8,18,2,24,5,2,8,3,4,21,23,14,18,16,3,10,20,22,25,14,12,15,23,14,14,8,1,9,12,10;8,10,23,15,4,25,3,25,2,18,7,12,10,5,17,5,17,22,4,6,20,10,23,13,12,9,25,1,21,2,4,20,25,19,21,7,5,5,9,18,9,2,20,22,18,2,24,6,23,1,16,11,15,17,20,22,12,3,7,9
1,4,4,10,24,10,12,7,23,21,18,14,20,13,14,5,24,10,7,17,5,5,10,19,17,14,19,4,18,6,18,18,15,7,14,15,9,9,25,24,19,6,18,15,17,5,4,6,20,12,1,9,25,5,15,20,14,10,12,14;2,12,25,20,20,1,1,21,18,16,9,21,1,20,13,3,9,17,19,2,22,12,2,19,22,12,16,19,9,12,17,12,23,25,21,20,12,7,7,23,9,21,11,11,16,10,11,21,18,15,5,1,23,16,11,2,19,25,2,23
2,24,19,3,9,24,6,24,6,1,25,2,17,7,10,15,14,21,21,2,9,5,13,15,5,21,3,8,18,16,6,24,2,13,21,12,20,5,20,14,14,4,25,6,1,25,11,18,16,16,14,9,25,8,5,7,17,20,2,1;15,1,1,17,12,22,24,11,6,10,6,23,24,18,19,12,3,10,13,2,8,18,4,21,18,18,24,22,3,23,5,10,4,21,6,12,17,12,1,22,23,9,4,14,11,6,20,23,22,17,23,23,4,11,18,9,4,10,7,16
25,16,3,1,2,1,23,1,6,10,2,16,25,22,25,12,21,13,3,19,20,11,4,4,15,3,25,21,18,9,19,7,13,19,25,21,15,16,12,17,5,9,9,10,3,17,14,8,8,3,1,12,24,23,9,21,10,14,7,18;24,5,24,3,9,10,2,18,16,2,19,16,5,23,4,9,23,4,8,3,2,2,25,18,2,2,25,12,23,13,18,15,14,8,25,10,25,21,17,21,5,18,24,5,2,18,22,14,10,10,19,5,10,3,18,15,21,6,18,12
1,10,15,17,12,18,17,18,14,15,10,2,24,17,21,21,11,25,18,5,25,8,7,25,4,9,10,24,17,20,7,14,2,25,8,17,24,12,6,9,1,7,14,25,10,11,23,19,2,7,14,12,23,1,25,8,11,25,21,3;12,21,1,25,2,6,25,8,5,21,15,18,4,21,10,18,15,22,25,2,13,7,1,18,25,8,9,15,17,25,4,13,20,4,11,3,5,3,13,21,19,7,19,8,22,14,5,18,14,11,11,4,16,22,2,22,6,16,23,5
11,24,8,21,2,12,8,20,11,24,17,5,25,14,16,9,25,5,12,3,6,16,17,17,3,25,16,16,12,21,5,23,7,25,16,12,18,22,7,14,4,2,22,19,24,23,16,5,13,11,18,12,14,10,7,2,17,1,18,7;22,4,8,25,14,6,15,25,2,20,13,22,2,23,10,13,20,13,11,19,10,11,21,9,8,5,14,12,16,1,13,4,18,9,15,21,17,8,5,4,13,13,1,10,20,8,5,21,6,12,8,4,17,14,8,8,2,7,14,24
11,18,22,14,14,2,1,12,19,4,24,17,22,11,11,18,13,15,1,15,11,15,20,13,16,6,25,21,14,9,18,4,19,6,24,9,3,18,1,4,25,2,2,9,6,16,23,17,8,15,6,11,13,13,22,14,18,12,7,19;10,20,9,22,5,1,15,15,16,14,9,22,24,21,16,22,14,8,3,18,21,16,22,9,6,11,21,17,8,12,24,4,23,4,25,14,24,14,24,6,4,1,21,13,15,5,13,23,10,14,25,3,25,10,15,15,13,17,18,17
10,10,7,12,8,4,16,12,19,13,24,7,4,23,2,17,19,7,8,7,23,21,10,2,1,13,23,9,12,24,6,14,6,12,3,17,21,4,18,8,16,7,11,13,8,9,1,7,1,2,18,14,13,3,2,4,12,6,12,11;21,25,8,7,3,15,16,22,1,5,22,17,5,1,2,17,8,1,25,20,14,1,20,6,15,21,22,5,5,2,12,9,9,17,19,10,5,22,16,5,9,10,16,5,8,16,15,15,23,7,21,8,4,25,15,21,4,13,5,13
10,4,19,3,18,21,12,4,2,18,7,19,1,20,22,25,10,18,22,17,1,18,14,23,15,20,7,12,13,10,17,19,20,18,11,14,7,25,12,25,11,4,15,3,15,4,8,18,19,6,6,14,12,6,17,16,14,16,3,21;9,13,7,4,21,10,17,12,14,1,18,20,3,25,7,1,1,20,17,19,25,6,21,6,13,24,6,10,22,14,25,6,14,13,5,4,12,3,11,4,23,24,9,8,1,12,22,17,2,8,15,7,12,20,24,1,15,23,9,6
13,24,10,15,21,25,11,12,19,20,23,3,13,21,18,18,6,24,18,24,24,8,5,1,5,24,2,6,13,16,4,19,8,1,20,2,10,4,9,1,7,21,18,3,4,24,17,2,14,4,20,8,14,24,18,25,2,17,2,2;1,16,11,9,10,13,14,6,5,23,20,3,19,15,3,1,18,14,8,17,1,8,1,14,21,4,22,3,10,23,13,24,13,19,5,17,17,5,9,7,23,18,25,21,24,18,9,6,22,22,3,21,18,19,15,6,22,20,5,21
14,17,25,8,5,16,5,1,2,25,6,15,10,16,14,3,20,9,8,9,2,6,8,20,18,4,11,11,13,2,15,25,20,7,3,23,21,1,3,17,2,19,23,18,13,18,24,14,8,8,7,8,16,2,10,14,5,3,18,12;14,6,12,7,3,7,13,21,17,18,15,6,18,13,9,10,12,9,1,15,12,13,2,15,19,10,5,6,4,10,1,22,16,15,15,9,24,10,3,8,13,6,18,24,19,16,17,8,1,1,22,20,25,14,22,13,9,5,9,14
12,12,9,7,24,19,22,4,2,9,7,5,19,5,5,2,3,2,15,1,14,12,23,9,4,11,9,24,13,19,4,8,6,13,7,7,14,14,20,21,18,24,7,24,15,10,4,4,2,20,20,11,15,17,13,1,21,22,23,4;25,11,8,17,24,22,16,3,4,10,5,24,23,18,19,7,8,1,22,18,5,21,23,11,3,17,5,19,1,24,12,2,2,2,9,6,5,19,20,5,19,15,13,16,10,1,19,25,14,17,19,25,5,4,24,20,23,1,21,10
13,5,23,25,11,10,16,20,11,15,15,17,16,2,25,11,16,12,4,13,19,9,3,5,17,18,18,4,12,5,16,15,21,19,14,3,24,10,15,11,13,24,13,15,22,5,11,15,21,24,8,9,15,20,3,13,24,7,12,14;13,2,9,14,17,18,14,18,17,4,24,1,22,16,25,16,24,21,16,18,16,1,25,12,24,23,13,24,18,11,25,25,7,23,19,25,12,24,14,7,9,4,6,19,4,22,3,4,18,19,11,24,12,25,6,1,11,11,25,3
15,25,15,12,12,14,15,1,2,16,6,1,2,3,23,5,13,17,25,17,17,24,19,8,8,22,14,23,15,9,1,15,9,2,23,16,1,14,11,14,9,14,14,14,11,25,18,24,16,22,22,5,17,12,6,25,12,9,13,20;5,4,13,21,8,19,12,14,7,2,1,10,12,8,23,13,16,14,6,14,17,4,4,18,9,25,4,17,6,20,14,18,5,2,19,14,16,25,13,9,9,21,22,6,3,5,15,16,13,8,24,14,18,23,22,6,18,8,21,17
16,19,2,3,24,6,11,18,11,22,14,13,24,23,17,12,3,2,12,5,20,22,22,2,21,4,23,3,14,22,14,21,21,8,6,14,11,10,6,4,2,13,19,5,19,19,2,11,9,1,9,3,16,16,21,12,15,19,2,5;20,18,14,16,1,14,10,2,20,21,22,12,11,6,2,23,10,9,23,13,3,9,6,20,5,6,11,22,25,9,25,15,11,23,5,6,21,7,7,11,23,9,17,8,22,1,21,20,17,12,18,13,1,17,6,11,4,18,25,10
14,13,12,1,17,8,1,18,11,6,14,1,6,12,9,12,10,20,22,21,7,3,11,16,7,11,20,16,14,13,3,4,9,14,10,21,6,22,23,7,20,19,2,9,20,11,5,25,3,13,20,6,16,5,1,1,8,13,7,22;4,22,11,2,22,2,13,11,5,12,11,6,16,11,14,20,6,2,20,15,23,19,4,15,14,14,12,10,21,22,13,20,21,11,25,3,4,14,22,8,4,20,10,25,13,13,23,12,5,3,14,18,6,8,6,20,20,14,14,6
15,7,1,19,2,25,21,10,19,11,22,15,5,7,3,21,23,5,11,7,12,2,16,12,20,16,5,18,13,23,16,11,21,20,16,18,15,18,17,22,14,16,9,24,2,5,12,12,22,17,7,5,17,9,16,13,11,23,22,10;17,13,12,24,15,23,11,24,18,6,7,8,13,10,18,4,25,22,12,14,6,24,5,17,12,19,22,15,15,9,1,20,25,6,9,20,9,21,18,10,19,7,5,3,8,9,6,14,9,6,6,17,13,2,15,25,5,24,16,24
18,2,17,6,5,4,19,18,12,13,13,24,15,10,1,15,20,11,5,13,8,15,7,15,8,22,25,15,14,4,25,11,9,3,2,5,18,24,14,25,11,8,10,24,17,25,21,21,17,15,21,25,17,1,17,25,23,23,22,13;9,15,16,6,6,1,9,20,10,5,9,17,6,25,16,1,16,15,3,12,8,1,10,23,22,24,11,9,3,20,14,11,25,12,9,11,16,22,16,12,19,1,21,17,4,17,19,3,4,21,21,6,19,2,4,5,12,21,12,14
18,20,5,22,15,20,14,10,21,18,21,11,11,5,21,24,10,21,19,24,13,14,10,11,22,2,9,18,15,15,11,15,24,9,9,4,4,20,8,17,5,6,14,14,1,20,3,7,10,19,9,24,19,3,7,12,1,8,13,24;24,6,15,1,24,22,9,10,23,23,3,19,3,23,20,11,8,10,22,12,19,7,11,1,18,3,20,11,20,7,2,11,4,8,21,3,21,2,11,14,9,14,14,19,24,13,25,5,8,22,13,5,1,21,13,11,23,6,16,7
16,13,16,21,8,23,4,10,21,2,22,24,21,19,12,21,17,14,1,15,25,21,24,23,9,9,7,6,15,8,2,25,10,15,14,11,22,6,25,19,23,11,23,20,3,14,8,22,3,6,21,2,18,19,12,24,18,2,18,18;8,8,14,14,19,10,10,17,8,15,17,14,8,3,7,7,4,2,17,13,14,14,7,21,2,12,21,25,17,21,13,15,14,21,15,25,4,11,1,11,13,23,9,11,15,22,4,22,21,13,10,10,6,13,13,18,14,2,5,3
17,6,3,14,18,12,25,1,4,7,5,13,18,14,6,6,7,24,16,1,5,18,4,19,20,14,16,10,14,18,13,7,22,21,19,9,7,3,19,10,16,8,5,8,10,6,15,9,23,10,9,2,18,23,2,11,20,12,6,3;21,24,15,9,13,5,9,5,21,9,13,15,7,1,11,17,23,22,11,13,22,21,8,23,25,18,3,4,9,8,1,13,20,17,25,17,9,16,22,12,4,12,2,14,9,19,10,24,25,17,2,9,14,6,22,25,2,12,9,21
12,9,19,9,9,3,8,15,16,2,4,4,14,21,7,6,10,4,13,15,19,14,1,6,3,6,24,9,20,25,10,23,20,14,6,12,18,3,14,9,4,22,25,16,24,11,13,13,2,2,6,15,6,22,24,15,16,11,10,9;21,20,13,21,6,9,15,5,4,6,17,6,16,6,5,17,1,18,7,15,4,21,23,22,8,25,4,19,11,3,21,5,18,20,21,2,5,14,1,9,9,21,1,15,5,15,10,25,23,20,10,13,1,10,22,22,18,16,9,6
13,3,8,2,21,19,3,7,24,7,13,15,11,17,25,15,25,16,3,25,22,11,6,3,16,13,8,14,21,11,22,2,8,20,12,11,4,24,8,24,24,19,4,6,7,5,20,25,20,6,18,15,8,1,14,2,19,21,1,19;9,9,14,18,24,5,13,18,18,25,14,6,13,5,8,3,20,13,1,15,12,1,25,22,6,6,11,23,5,14,9,5,22,18,6,21,13,19,21,11,24,9,18,17,25,11,16,2,2,24,2,10,8,6,6,4,5,25,11,24
11,20,18,24,12,22,18,7,24,16,13,4,18,5,16,12,6,7,10,17,9,17,21,16,1,20,5,2,19,3,11,12,19,1,16,18,24,11,25,3,15,25,13,10,8,22,25,15,13,18,6,18,7,17,18,16,10,16,5,11;20,14,11,3,19,18,16,25,3,16,2,2,18,9,21,23,14,5,22,16,7,9,23,19,15,13,12,12,3,4,20,10,9,4,2,16,20,3,11,8,5,18,14,9,16,23,19,19,15,15,24,17,13,21,6,10,22,21,25,20
12,15,7,16,24,11,14,23,8,22,21,15,15,1,12,22,21,19,24,2,14,14,24,10,14,1,15,4,21,14,22,17,8,7,23,16,9,7,20,19,10,24,20,1,15,17,7,1,6,22,18,16,7,19,9,3,13,1,21,22;8,5,12,1,13,14,14,15,16,12,23,4,17,8,24,7,8,25,13,16,18,16,22,19,13,19,21,16,19,16,8,8,13,24,11,10,25,8,5,9,19,7,8,12,11,19,2,21,19,18,18,14,21,16,13,17,7,6,4,13
15,8,23,4,2,17,13,5,24,23,12,2,1,3,10,15,16,22,20,8,12,5,15,14,3,6,10,24,21,20,9,19,21,15,9,4,10,13,19,22,6,16,21,2,5,12,14,10,1,20,7,12,9,11,12,13,3,2,21,2;25,7,16,6,4,17,12,11,5,8,25,13,7,25,23,7,24,18,6,14,20,17,4,25,21,22,11,10,8,25,21,1,11,6,11,23,5,9,3,12,19,1,23,1,9,25,14,10,14,8,6,5,2,15,4,22,14,4,25,2
15,4,10,22,12,7,7,21,8,4,20,13,23,24,3,25,7,9,9,21,15,2,20,10,16,11,19,4,22,6,20,23,8,21,15,25,21,7,13,12,1,14,25,16,14,6,21,22,22,24,20,10,8,15,2,2,4,13,11,13;13,22,17,3,22,12,10,24,19,4,19,15,6,21,1,16,18,13,23,14,3,22,5,3,19,2,20,13,1,12,9,23,16,1,21,15,12,16,25,13,9,15,17,3,4,23,22,12,18,9,25,2,9,8,13,2,25,13,4,20
13,21,22,18,5,9,22,21,8,13,21,2,8,12,21,24,13,1,17,13,2,8,9,24,4,19,17,17,20,24,8,8,22,2,19,9,14,21,3,16,17,19,11,22,16,25,1,11,14,11,5,13,7,4,4,14,22,7,16,5;24,25,14,13,17,1,13,8,4,20,8,8,12,3,14,13,14,6,18,15,23,6,1,22,3,10,21,3,22,1,22,3,2,14,15,13,18,25,15,10,15,23,13,20,20,8,25,4,6,25,21,9,14,25,13,11,16,10,16,17
14,15,9,11,15,1,18,13,16,18,4,13,4,8,14,6,3,13,6,23,7,7,12,20,17,24,1,21,22,9,21,13,9,8,2,5,25,17,24,6,13,16,16,12,23,17,8,23,8,15,20,12,9,8,22,1,25,17,5,17;12,16,15,10,10,21,12,21,17,14,4,10,9,1,17,22,6,25,12,14,9,12,2,25,1,16,3,6,16,13,10,1,8,10,2,7,25,5,9,12,5,12,5,23,14,4,6,8,10,4,14,6,21,19,22,15,4,19,20,10
17,10,1,23,18,5,17,21,10,20,18,23,16,10,13,25,25,16,2,4,3,20,3,23,6,4,21,16,22,13,6,13,22,16,13,18,3,21,21,9,8,8,17,12,12,12,17,7,2,11,7,7,11,25,23,13,13,18,5,21;4,18,19,17,2,22,9,17,8,11,6,19,1,16,16,20,23,19,3,12,11,14,7,6,9,20,19,24,4,24,23,19,6,14,2,20,4,6,7,14,5,6,22,10,11,12,18,22,5,18,3,23,2,19,13,20,9,17,16,22
17,3,15,16,5,21,13,13,18,25,1,11,13,6,8,9,13,3,16,15,8,20,8,17,19,9,6,21,21,24,19,19,11,22,18,15,14,17,15,23,2,6,21,2,19,7,24,18,21,17,21,6,11,2,13,25,16,4,20,8;17,9,18,12,20,18,10,7,22,6,2,21,23,15,21,4,16,12,22,10,19,19,8,8,7,24,2,4,21,11,11,17,9,12,12,12,10,11,3,14,20,20,14,13,5,8,1,24,9,22,20,20,10,13,20,2,21,3,20,15
16,23,25,15,22,23,3,13,18,9,3,25,22,19,24,9,22,19,23,6,20,1,22,6,4,17,3,9,22,17,7,2,23,3,23,24,7,3,7,2,20,11,7,6,21,1,2,8,15,4,7,9,10,18,17,14,7,23,25,25;3,11,16,23,15,8,11,14,7,23,16,15,3,19,7,1,12,6,17,13,14,2,6,3,16,8,2,17,18,24,22,21,22,22,6,9,17,20,19,13,24,3,10,6,21,19,4,16,22,13,17,1,14,4,20,9,12,23,7,13
16,16,12,6,8,15,21,5,1,14,11,11,19,15,19,18,10,6,13,17,25,23,25,2,18,24,12,11,21,2,20,9,10,9,5,20,17,25,2,19,15,11,12,21,3,20,11,20,9,8,19,9,10,20,8,1,10,8,16,10;16,2,17,20,8,1,11,4,20,17,10,17,2,18,10,10,4,1,9,13,25,9,6,5,12,14,10,22,10,13,10,21,25,18,15,1,24,2,13,15,15,17,2,9,16,16,12,18,1,15,9,23,22,23,4,16,23,7,11,6
19,11,3,18,11,19,21,13,18,16,2,20,3,17,15,12,7,9,9,23,21,13,16,5,8,2,8,8,23,8,5,9,25,17,14,8,18,5,23,20,11,1,12,21,17,15,18,4,4,4,9,3,12,14,11,12,22,7,15,16;8,4,21,2,22,4,7,23,9,15,12,1,17,10,9,7,21,19,25,9,1,10,12,11,22,17,1,15,23,22,24,12,24,24,17,17,4,4,11,17,15,11,19,21,14,24,24,7,21,4,24,13,3,21,20,21,5,7,7,19
