9,19,8,16,11,5,10,9,22,13,20,20,13,11,6,4,23,18,19,8,12,22,3,8,17,13,24,19,3,6,15,21,4,5,21,12,7,19,3,3,11,10,13,6,14,14,11,11,7,17,19,10,20,20,25,3,14,6,9,21,11,11,17,11,23,5,5,13,2,19,9,5,23,5,24,14,18,5,8,24;10,24,1,8,2,7,19,7,14,16,14,10,15,15,13,22,20,16,20,23,8,20,19,20,11,7,16,3,2,10,15,5,14,1,22,22,24,22,14,24,2,14,11,3,18,5,18,14,9,25,13,25,1,24,11,12,24,14,14,24,4,2,3,19,15,19,21,8,12,21,24,5,9,8,7,14,17,22,4,23
12,14,24,4,14,9,9,17,14,15,9,7,24,15,4,23,20,23,15,12,10,12,19,11,5,18,19,15,6,12,25,21,19,12,7,24,8,23,24,6,7,2,13,6,4,9,21,19,2,13,8,5,22,11,1,13,1,8,9,24,16,4,22,23,8,25,9,5,18,3,16,9,4,5,2,2,15,2,9,17;2,1,5,13,18,8,15,3,4,12,16,19,5,6,11,20,12,9,11,19,8,23,23,1,21,9,7,22,15,21,4,23,12,7,22,11,4,24,14,4,2,7,25,15,14,11,5,3,4,12,25,15,9,23,25,17,4,12,10,14,20,7,18,23,9,5,23,8,5,4,12,20,2,3,25,15,20,24,5,8
12,8,12,22,24,1,5,9,22,20,17,18,21,9,24,7,10,10,4,24,15,10,24,5,18,23,3,18,5,23,10,2,7,19,15,23,18,19,19,23,1,1,20,21,13,4,2,6,21,19,20,4,22,14,17,2,4,18,25,12,2,11,3,13,1,25,11,8,7,25,11,25,15,20,6,10,25,21,25,10;17,17,7,11,12,3,15,18,17,8,10,22,4,5,17,4,6,4,5,18,19,3,25,2,17,15,15,24,7,8,17,21,16,3,9,3,9,4,8,3,19,21,20,18,8,10,12,5,8,16,18,14,16,18,9,24,17,21,14,7,14,17,10,8,2,23,7,2,8,6,5,9,16,3,24,13,10,18,10,15
11,2,23,18,18,3,20,9,22,4,18,7,5,24,15,5,16,1,11,16,2,16,14,19,6,5,1,6,5,15,24,10,18,24,19,5,13,7,11,24,19,7,4,25,14,22,6,21,15,4,8,7,21,4,21,14,22,12,4,4,19,12,9,23,25,2,8,23,17,10,23,3,5,24,15,12,21,12,4,5;1,20,5,21,7,19,16,25,2,24,25,15,9,10,2,1,1,22,25,19,13,13,21,24,1,24,15,13,4,22,3,1,3,13,3,25,17,13,24,2,23,5,15,12,1,19,14,22,21,7,14,18,21,8,9,6,8,18,3,3,9,9,8,1,22,21,2,18,23,25,2,19,25,5,3,15,13,8,19,19
11,21,10,11,4,20,14,25,5,9,1,18,2,18,11,14,6,13,25,1,5,13,16,15,19,11,10,11,5,1,12,17,5,6,25,3,24,1,5,16,14,4,9,16,21,17,14,7,9,10,20,7,20,9,11,1,25,22,18,14,6,19,17,11,16,2,10,2,6,8,18,19,16,15,21,20,5,6,18,24;14,11,4,18,25,12,16,13,15,18,20,17,8,8,6,10,20,17,17,19,24,18,22,24,24,3,23,17,21,9,16,23,7,11,13,17,22,19,18,2,12,19,8,14,19,15,22,1,25,11,8,17,4,4,18,10,19,2,7,21,2,21,25,11,15,13,11,12,1,2,20,8,14,4,25,14,5,4,24,1
14,16,2,23,7,24,13,9,22,11,17,3,14,22,7,8,1,16,21,7,4,3,9,18,8,16,6,5,5,7,22,17,20,13,11,14,25,7,2,19,10,21,11,17,11,12,22,16,4,6,9,1,22,25,14,13,13,24,20,18,11,13,19,25,1,22,14,18,22,17,25,21,22,14,24,8,2,2,21,17;6,13,8,25,14,15,14,9,7,17,22,1,23,23,4,7,10,10,8,17,24,21,4,7,9,7,14,11,9,18,4,16,5,15,13,8,3,21,16,4,12,12,25,1,17,23,9,13,20,25,21,7,10,2,9,15,1,25,1,10,17,24,14,16,7,2,13,12,17,12,8,23,8,25,20,12,7,4,24,12
14,9,16,16,17,16,9,23,5,16,25,16,10,16,2,17,16,3,11,18,7,25,12,14,21,21,15,10,6,18,9,21,7,20,18,12,11,4,23,9,3,19,16,6,18,4,3,3,22,12,22,1,24,3,4,24,16,9,8,5,22,22,25,13,18,22,16,22,9,12,20,14,10,5,3,16,12,21,10,10;21,4,9,20,8,11,12,24,18,10,18,3,22,21,9,17,4,5,2,17,10,1,5,7,5,13,21,15,3,5,17,14,10,11,22,25,8,1,12,6,2,1,17,4,12,19,16,17,24,2,15,6,17,21,16,22,11,9,5,3,10,10,7,3,1,19,22,8,20,14,25,12,22,24,19,13,24,25,5,19
13,3,1,13,11,18,24,25,5,25,25,5,18,6,18,15,23,20,18,10,18,7,2,1,7,4,13,23,4,8,23,6,19,25,21,19,4,15,13,13,21,24,25,12,20,23,9,18,14,22,8,4,23,18,7,14,7,3,13,22,14,21,8,25,18,25,13,12,19,22,7,15,1,9,12,18,10,15,14,5;5,8,6,6,5,24,13,6,5,2,6,22,3,1,20,13,25,22,22,18,4,8,1,4,14,21,22,4,25,20,3,19,21,24,18,22,16,10,3,5,8,10,12,21,3,6,20,9,12,20,12,11,22,12,18,4,2,6,19,25,7,3,4,20,21,17,17,24,12,8,22,22,6,2,23,14,2,15,13,23
13,22,15,6,21,7,19,17,13,6,9,16,15,25,13,24,13,7,7,22,24,4,5,22,20,9,22,1,6,19,11,13,8,7,3,17,15,11,8,2,14,21,5,2,2,18,15,4,10,3,22,2,23,21,22,1,10,13,4,7,24,3,14,13,10,25,12,15,8,20,4,6,12,24,18,25,19,8,5,22;18,22,7,3,21,20,14,21,18,21,2,24,25,25,25,23,18,17,16,17,15,13,2,5,12,2,6,8,17,7,16,19,2,20,3,14,21,15,22,5,23,24,5,23,23,2,1,11,16,21,4,10,4,8,25,11,15,15,23,17,25,15,22,5,14,9,3,18,15,10,15,9,20,1,21,13,17,9,19,5
16,17,4,18,24,13,19,23,5,7,24,1,1,4,12,18,10,10,3,1,22,19,23,25,10,14,17,22,6,25,21,13,21,14,14,3,18,17,6,5,12,13,7,2,16,13,25,11,5,24,9,23,25,12,25,12,22,13,4,13,6,22,17,3,18,20,18,7,24,4,9,10,18,24,22,14,16,3,7,15;10,24,11,10,12,22,11,17,8,19,4,8,17,16,22,20,10,11,6,14,15,16,7,11,20,4,22,2,5,18,6,10,25,1,3,4,1,16,20,7,23,17,22,12,21,10,13,25,11,11,19,24,10,6,16,16,20,13,19,7,15,18,11,10,6,23,3,17,6,20,3,1,13,24,15,12,21,11,19,15
17,11,19,11,8,3,12,15,13,12,7,14,23,23,5,2,23,22,17,14,25,16,1,21,24,19,1,25,7,11,9,17,8,21,20,2,3,11,1,20,5,13,12,17,25,7,6,23,24,5,23,21,24,17,15,24,25,23,19,23,16,6,22,15,10,20,20,12,13,1,6,25,4,14,1,21,24,22,23,8;25,15,12,5,5,16,10,5,21,13,24,10,14,15,2,5,2,5,25,13,1,21,9,13,18,10,5,4,24,5,19,9,3,22,13,21,8,21,16,9,12,6,14,15,16,6,22,2,15,14,11,23,18,25,24,22,8,22,21,25,8,2,3,20,24,15,15,12,10,22,21,13,3,23,13,13,11,6,25,22
15,3,3,9,2,5,4,15,13,22,8,3,7,13,23,1,5,13,25,5,12,23,15,8,9,2,24,13,6,4,22,2,22,1,24,9,21,25,18,24,23,16,21,21,2,24,10,14,16,15,9,24,24,7,20,11,19,17,24,15,9,5,6,25,10,22,17,25,23,9,18,4,21,18,9,23,22,15,2,3;9,19,8,17,1,6,13,12,6,4,12,5,19,20,13,1,23,23,21,16,20,6,4,10,2,17,6,18,20,17,5,14,16,7,9,19,16,5,6,6,19,15,10,7,7,16,24,19,3,5,7,3,22,17,25,4,24,19,10,21,3,20,24,13,19,11,9,2,24,16,18,24,12,23,17,12,14,20,10,1
16,22,17,25,14,22,23,6,22,2,16,14,4,7,16,8,20,25,14,16,17,22,18,4,22,9,8,18,7,14,8,7,9,8,7,7,7,21,12,16,17,16,25,11,9,18,16,24,9,21,22,23,23,10,10,23,19,3,13,25,19,14,11,13,3,20,17,3,10,7,13,19,7,8,16,6,7,9,18,22;22,10,10,13,19,2,11,2,19,25,8,6,18,18,18,11,16,18,12,16,6,11,6,10,25,23,13,22,13,4,18,12,19,5,18,10,21,12,1,7,8,4,4,10,1,12,7,21,7,7,24,2,5,10,7,9,9,3,14,14,22,6,18,23,13,4,18,23,3,18,10,13,24,24,16,13,6,17,14,8
1,11,10,4,4,16,14,11,20,8,23,17,6,5,13,23,9,6,8,14,22,4,3,23,21,24,14,10,2,17,8,18,13,7,17,25,24,3,11,21,22,11,9,5,23,4,10,12,23,23,3,1,14,18,17,20,1,6,11,6,18,6,8,17,21,14,14,11,5,16,16,19,4,8,15,24,2,20,2,21;8,18,17,15,6,25,1,21,17,23,8,9,17,20,19,3,21,9,23,5,3,14,2,1,8,23,20,20,12,5,25,3,17,10,22,5,8,17,20,15,2,7,13,12,25,8,7,24,24,7,21,5,6,5,13,22,5,21,5,8,5,18,11,7,13,3,18,9,11,16,10,7,25,19,25,19,6,19,3,17
1,5,22,22,14,6,8,3,3,14,6,3,3,1,7,5,24,16,22,1,2,1,8,19,10,6,23,13,1,3,19,22,1,14,23,24,10,24,5,11,16,9,14,21,5,23,18,24,16,4,16,23,13,22,8,7,2,17,24,16,4,15,14,4,14,14,16,15,19,13,12,9,15,24,21,6,12,14,16,16;21,9,18,10,24,20,1,9,5,17,2,11,15,16,25,13,13,2,15,5,14,20,4,1,6,3,2,24,4,17,13,3,23,5,7,21,15,24,14,17,16,21,6,14,19,4,15,3,3,9,13,2,12,24,22,2,16,6,8,1,24,2,4,17,7,22,4,3,15,18,3,21,14,18,25,18,21,14,8,24
25,22,7,20,8,8,23,3,1,23,5,19,12,14,24,5,5,7,5,16,12,10,22,6,20,13,21,25,2,19,9,7,12,19,2,5,5,13,22,14,9,14,22,25,7,17,22,14,8,14,1,1,12,13,12,19,20,11,4,8,21,14,22,16,12,17,13,5,4,21,23,11,7,3,3,8,8,8,20,11;5,12,17,20,20,11,2,16,16,10,17,5,21,23,10,9,9,21,12,6,9,4,25,23,15,11,3,13,2,6,24,8,8,18,3,19,21,6,4,14,22,5,1,6,10,14,17,20,16,2,9,8,19,15,22,10,7,25,21,22,19,20,1,10,2,18,24,19,4,12,25,6,23,20,4,19,24,3,17,3
25,17,21,11,17,25,18,19,10,3,15,5,9,11,18,14,19,19,19,4,17,7,25,2,8,19,5,5,1,7,20,12,1,1,9,4,13,9,16,6,2,14,4,15,14,11,3,25,2,20,16,1,14,15,2,6,23,21,20,18,6,21,3,4,4,17,15,8,18,19,19,3,18,18,9,16,18,1,11,4;20,2,18,17,13,4,2,6,4,4,11,7,18,21,16,19,3,14,4,6,17,9,1,23,11,17,10,17,18,18,12,6,14,14,12,11,3,13,24,16,12,19,19,9,5,10,24,22,20,4,2,5,24,9,4,15,18,12,1,15,12,6,19,20,20,10,8,13,8,14,18,20,12,19,3,18,16,23,22,10
3,10,12,24,20,4,18,1,3,4,4,15,20,12,16,8,16,24,15,10,15,20,16,6,24,24,1,25,3,10,5,14,14,8,21,17,17,13,13,7,25,3,5,15,3,6,13,7,24,16,3,20,16,7,3,18,10,20,19,24,13,14,6,19,14,12,19,25,9,3,25,6,24,18,13,4,15,21,12,21;12,4,20,24,4,7,25,2,20,25,13,16,10,11,14,16,20,9,20,4,19,12,6,6,21,19,1,11,7,2,2,24,12,20,12,1,8,14,24,18,12,12,10,23,3,18,11,11,15,18,16,20,7,7,20,20,25,9,21,4,4,9,8,25,12,24,10,13,23,24,6,10,6,15,21,18,19,24,23,21
3,6,25,17,7,20,11,17,12,10,12,1,17,8,11,17,6,9,4,20,18,19,21,2,12,4,10,5,3,21,18,18,1,15,1,13,2,9,7,24,18,3,10,5,12,24,19,19,18,22,17,20,16,11,21,5,13,6,10,9,24,24,11,6,6,12,20,3,21,25,21,21,10,8,19,12,24,15,3,14;25,20,21,20,22,3,23,15,9,21,10,18,7,10,18,1,11,2,14,3,5,17,7,6,17,25,11,14,25,16,12,21,17,16,22,18,13,19,18,18,2,1,3,25,23,14,19,13,19,22,8,19,12,3,4,2,10,19,23,22,20,21,25,10,6,16,19,9,2,1,23,24,20,14,20,17,9,19,3,3
2,23,11,15,24,22,3,19,12,19,13,17,24,21,2,14,12,2,11,12,5,1,10,13,23,11,7,17,3,14,6,3,13,20,5,22,20,20,24,3,11,8,18,11,14,17,25,8,10,7,3,23,15,25,23,19,5,2,15,1,16,23,20,19,4,14,18,18,6,10,7,25,25,12,25,14,20,8,7,9;9,25,19,7,17,16,1,24,19,13,23,13,12,15,3,22,7,22,9,4,25,2,3,3,1,9,10,2,23,4,1,1,3,1,18,15,21,3,8,17,8,10,23,17,14,1,21,5,7,13,5,24,19,20,4,9,1,15,12,19,17,14,21,3,25,14,14,24,18,20,21,10,4,17,24,19,12,8,12,7
2,17,23,8,11,14,22,9,20,24,21,3,23,17,20,23,2,12,1,22,10,23,13,9,11,17,17,22,2,25,19,8,2,2,13,18,6,17,19,17,4,6,25,1,21,12,6,20,3,13,15,23,15,4,13,6,8,10,4,14,1,7,25,6,21,12,19,21,20,6,5,15,13,2,6,22,5,2,23,4;24,14,20,2,11,12,25,12,7,6,19,13,11,13,9,7,1,14,3,4,8,7,5,4,24,15,19,7,15,16,14,24,7,24,3,7,1,8,2,18,23,24,18,20,9,22,4,7,11,16,24,23,24,13,13,15,14,25,17,12,10,25,15,15,19,7,23,19,20,22,13,22,18,16,21,18,2,5,17,14
5,12,15,18,14,18,21,17,12,1,13,13,8,19,19,17,22,18,21,4,8,13,4,13,25,22,12,17,2,6,4,10,15,9,22,6,9,22,17,20,25,23,1,1,11,7,14,4,23,9,5,17,17,21,16,17,20,11,5,17,6,25,3,19,6,9,23,13,11,17,9,20,18,2,10,10,2,23,25,19;16,16,22,9,2,15,22,8,21,5,21,22,2,3,7,4,18,10,18,25,10,7,11,10,7,17,10,25,3,2,1,17,5,3,3,21,7,9,2,21,23,17,7,9,5,5,17,21,6,6,12,12,7,12,4,20,19,22,12,1,25,3,4,19,11,20,25,18,12,7,1,14,11,12,16,16,6,6,18,24
6,5,4,11,23,10,17,9,20,6,20,24,5,15,14,1,13,2,11,14,11,10,9,9,13,2,21,19,4,16,17,14,4,16,5,2,20,19,12,10,20,20,5,16,18,1,20,15,19,15,17,16,16,23,7,4,23,22,19,5,19,8,9,8,23,9,25,16,25,12,7,10,6,17,16,18,11,17,16,14;3,6,23,4,18,8,21,23,10,24,15,24,25,1,11,13,11,3,10,25,21,15,13,12,5,23,18,5,20,14,14,15,10,24,12,15,12,16,22,20,12,6,2,12,25,1,23,23,10,7,6,11,13,7,11,25,7,7,16,17,18,15,22,4,4,13,10,13,16,9,19,1,1,11,15,17,23,1,23,6
4,25,14,10,17,12,7,9,20,15,20,13,14,3,5,24,19,21,18,6,23,16,24,23,25,9,19,7,2,7,6,24,16,21,9,11,13,5,2,14,13,1,16,20,19,18,1,5,11,25,5,20,15,14,11,16,16,16,24,22,9,8,17,19,21,10,22,6,10,22,18,14,21,21,23,20,9,11,19,9;15,11,22,17,15,23,24,5,22,15,4,20,6,8,23,10,5,22,7,3,16,22,9,7,14,6,18,18,17,3,25,19,21,12,7,10,20,25,12,19,16,15,22,3,18,10,25,15,23,23,3,16,20,22,11,7,23,3,3,15,13,7,18,22,24,9,4,3,5,3,16,11,10,13,17,16,24,15,9,10
5,18,3,2,2,1,3,1,3,20,5,1,11,24,25,8,9,6,7,18,3,14,2,17,11,17,3,12,3,18,16,4,3,3,16,8,23,1,21,4,7,23,21,11,2,13,7,17,5,6,17,17,17,16,1,5,17,1,15,7,21,16,22,6,14,10,22,10,22,20,14,4,7,12,4,2,19,4,9,1;3,2,23,12,9,19,22,20,8,9,25,22,5,7,2,20,24,15,24,3,24,2,10,9,12,12,1,23,11,15,13,19,1,7,18,4,25,5,6,19,8,4,15,6,12,9,8,19,2,2,20,15,25,18,20,14,8,13,7,8,7,17,12,7,17,1,16,24,9,5,9,25,22,13,17,17,16,10,12,17
7,13,17,15,5,8,25,9,20,22,19,11,22,1,23,2,6,11,1,24,24,4,18,20,2,20,24,7,4,24,3,4,16,10,25,20,25,5,20,7,2,15,22,10,16,8,17,1,25,2,6,13,19,10,2,15,7,3,14,13,1,9,25,21,23,7,3,3,12,4,20,8,13,11,7,16,16,24,12,19;19,4,25,19,23,20,20,14,24,7,2,4,20,21,25,17,16,10,15,24,1,5,15,15,20,14,17,16,24,24,3,10,25,13,18,18,5,7,6,23,8,22,6,20,9,15,21,6,22,16,9,5,8,16,11,19,15,11,3,21,23,20,1,11,9,15,15,24,2,15,22,15,17,10,11,15,20,12,13,2
8,7,7,6,17,22,21,25,3,2,2,22,19,20,17,11,19,21,15,10,4,1,22,16,15,25,8,11,3,9,14,10,5,17,8,17,10,1,14,23,23,15,3,1,25,2,23,12,18,8,19,13,19,12,18,2,10,13,5,23,14,19,6,9,16,5,4,7,1,1,16,24,24,2,13,23,24,18,1,12;7,18,1,16,16,16,20,4,13,1,23,6,19,20,4,1,10,3,9,23,12,10,16,18,18,20,24,19,16,11,14,10,5,9,3,12,12,11,1,23,23,11,24,23,3,11,4,10,1,18,1,4,13,10,18,25,1,20,7,14,17,6,19,22,3,7,25,18,5,17,14,4,7,9,9,16,10,6,18,9
6,24,16,4,8,24,11,1,3,11,3,11,3,10,8,11,3,14,25,1,16,7,12,5,1,9,5,24,3,2,3,18,16,22,12,1,3,13,6,2,14,20,12,7,2,19,4,2,12,18,4,16,18,3,22,16,1,7,10,15,4,17,14,21,16,7,24,22,12,9,2,1,16,6,20,25,21,11,5,7;18,22,25,1,11,4,21,11,23,17,12,2,24,25,16,23,3,23,4,24,7,20,12,12,2,4,25,7,13,1,2,14,16,20,22,7,20,21,16,22,2,20,19,14,19,22,6,2,14,11,23,9,20,1,20,7,17,16,19,10,12,24,14,14,23,5,19,9,19,11,11,14,13,10,13,16,13,21,4,13
7,20,5,22,20,16,6,17,12,17,11,24,25,4,3,18,16,24,14,12,21,7,15,24,14,15,14,4,4,13,15,25,4,4,20,22,14,9,25,17,9,18,17,20,9,13,10,14,6,24,19,14,17,5,12,3,4,17,23,25,16,25,20,8,6,7,1,25,1,7,23,16,2,21,1,8,6,5,21,1;6,13,24,24,4,24,19,1,11,13,6,4,21,23,20,7,22,15,23,24,17,25,13,15,25,8,9,12,5,12,15,12,19,18,7,1,25,25,10,22,16,9,12,17,14,18,12,4,18,13,15,8,1,20,2,14,3,1,23,3,5,10,7,1,16,22,6,3,23,13,4,1,3,11,12,17,3,17,9,20
2,21,21,18,9,7,14,4,25,14,12,15,19,11,2,18,21,4,10,1,10,25,14,13,19,6,22,3,10,20,12,16,2,21,5,2,1,12,20,16,22,6,12,2,24,18,8,20,10,14,16,2,8,6,9,7,25,16,4,6,4,20,6,9,7,6,13,2,12,16,8,25,18,20,6,18,4,7,14,11;7,7,22,11,25,5,25,24,19,8,12,18,5,3,14,9,1,13,19,4,22,25,5,11,8,15,10,2,8,7,8,5,18,21,3,11,21,23,14,20,23,18,11,16,10,15,12,2,16,18,23,11,15,24,2,11,21,5,23,13,5,7,17,1,1,24,8,17,25,8,3,14,15,8,15,7,10,16,21,6
3,14,8,11,20,23,10,21,9,19,20,2,16,8,23,2,9,16,24,11,13,24,17,9,8,12,6,5,9,7,23,22,14,2,12,1,12,6,14,7,15,3,18,18,6,13,15,7,3,18,3,2,8,8,24,19,3,1,18,17,16,4,11,22,24,5,15,6,24,13,6,16,4,11,12,25,14,3,5,4;20,23,23,6,18,24,24,14,7,2,7,20,4,1,17,19,20,6,13,2,5,5,4,14,6,21,17,6,2,19,21,2,23,17,15,3,3,3,9,20,13,6,3,19,5,11,18,6,20,19,15,8,20,20,11,18,8,14,3,6,23,17,10,11,20,18,17,11,3,10,20,1,5,7,12,8,25,12,2,13
1,8,20,7,14,25,25,23,9,3,19,15,1,20,14,2,17,8,6,3,25,6,6,21,20,19,4,18,9,23,12,5,25,6,16,8,5,19,6,9,8,9,2,22,8,4,20,21,20,5,14,5,7,24,4,6,19,21,23,11,7,3,19,7,22,8,10,19,11,23,17,19,19,15,21,2,10,20,9,23;4,3,22,16,13,14,2,21,18,19,22,14,10,6,5,15,15,25,9,5,25,14,2,11,15,6,18,20,22,8,9,7,9,5,9,25,9,12,1,19,19,15,24,10,21,21,23,23,8,10,12,15,2,11,11,24,25,11,16,2,18,9,8,4,14,14,12,1,18,4,18,12,14,10,16,8,3,2,12,17
2,2,7,25,24,15,20,12,17,8,2,2,22,17,9,11,6,17,21,13,5,3,9,17,8,1,13,23,10,9,25,12,15,12,22,6,16,16,1,1,1,6,7,12,15,24,2,8,16,9,1,5,6,3,19,18,22,6,13,21,19,13,25,22,14,8,12,24,23,21,13,10,7,5,2,10,19,13,25,16;19,18,23,13,6,10,25,9,6,14,16,16,6,5,8,25,9,18,3,4,11,20,4,11,11,11,25,24,16,20,22,7,14,25,19,17,16,19,20,19,8,4,18,13,15,17,4,25,12,14,6,12,8,5,20,6,10,20,21,20,12,21,25,16,8,7,23,22,21,6,10,25,1,9,16,8,18,21,16,24
4,22,23,12,2,21,20,21,9,10,18,13,9,18,5,5,2,23,16,20,1,18,2,20,22,4,9,18,11,15,10,12,3,22,8,17,17,19,22,4,24,23,7,14,4,19,9,17,11,7,15,24,9,20,22,5,9,5,13,25,24,4,3,9,24,3,18,16,14,5,19,14,14,5,4,23,16,10,1,9;11,21,25,20,21,11,23,5,20,11,18,25,24,20,7,22,1,14,18,25,12,20,9,17,21,14,17,18,4,6,10,23,12,7,19,7,21,18,18,23,8,23,8,2,12,25,16,14,6,3,19,4,16,3,11,11,17,18,14,9,3,24,14,18,25,20,23,20,14,16,23,16,21,5,8,7,22,23,16,9
5,16,13,5,12,11,13,12,17,15,1,25,6,15,1,12,16,10,6,5,6,15,5,16,10,12,18,22,10,25,22,16,17,3,16,15,3,16,17,19,17,21,14,2,13,14,16,1,4,11,3,23,10,23,12,17,12,15,4,12,9,13,8,24,16,3,17,19,3,25,15,5,25,20,10,6,1,4,17,4;24,9,1,16,14,6,21,20,8,7,14,2,21,18,12,7,18,7,10,25,23,2,10,19,19,20,24,20,21,18,23,22,16,2,3,24,1,25,12,23,23,11,2,5,6,21,24,16,10,5,11,1,21,24,18,16,3,2,19,2,22,10,6,5,18,13,10,16,17,18,16,4,9,4,7,6,14,17,21,16
3,8,22,1,5,13,3,12,17,24,3,13,13,2,16,11,24,1,13,22,18,22,20,3,21,19,15,10,10,18,11,1,3,9,18,22,23,2,9,22,10,1,23,8,15,5,21,18,22,23,15,2,7,13,15,6,6,10,8,4,2,12,17,9,14,5,15,9,13,10,1,8,15,24,19,8,24,22,21,23;8,14,25,3,11,20,24,2,21,23,3,22,1,25,23,3,13,1,5,1,16,10,6,14,3,2,25,9,18,6,9,2,2,15,24,22,9,9,5,22,4,20,23,21,24,7,2,8,24,23,10,8,3,14,20,23,19,24,7,24,17,3,2,23,13,11,4,7,7,12,13,15,17,7,12,7,17,7,7,20
4,1,11,19,17,4,24,4,25,5,10,25,12,24,12,21,12,13,2,9,23,19,23,24,9,24,24,15,10,4,24,6,15,15,25,20,6,23,3,12,4,1,3,23,22,25,3,5,17,2,3,24,9,16,7,18,8,20,22,14,12,21,22,22,7,3,16,12,2,8,22,24,1,14,25,16,6,16,10,16;23,5,1,23,2,15,22,17,7,17,24,23,25,23,1,13,7,19,24,1,2,15,7,17,24,8,9,13,12,20,22,25,7,11,9,14,16,14,24,21,19,9,15,24,19,4,8,10,2,24,2,5,8,9,2,4,5,8,12,16,10,13,22,8,7,3,13,1,10,14,6,4,7,6,11,8,7,1,13,2
7,21,1,7,18,9,23,12,17,6,2,9,21,25,10,14,9,16,23,15,19,9,16,2,25,2,20,10,12,8,9,8,3,23,12,6,9,4,25,15,2,15,3,23,11,20,12,12,12,25,17,20,11,7,8,5,21,21,24,20,19,15,25,12,17,1,20,4,18,17,3,1,7,14,1,4,3,10,13,9;15,7,3,5,18,18,20,13,23,15,1,6,15,13,25,10,24,14,15,24,3,18,14,23,9,10,23,7,25,4,10,18,5,15,9,2,20,16,22,1,19,3,7,13,15,12,20,24,24,14,14,21,16,8,18,9,12,6,7,6,2,18,11,12,24,17,15,1,3,24,19,19,25,1,3,6,11,3,13,12
7,15,15,25,5,25,17,4,25,11,10,23,20,22,4,24,24,3,12,1,24,6,18,23,13,10,4,12,11,20,22,12,18,4,17,5,20,25,19,5,20,15,10,13,18,14,19,23,6,4,4,18,11,12,23,17,24,7,12,5,4,22,6,24,9,25,22,7,5,14,24,19,18,4,7,12,13,4,2,2;3,23,4,25,12,14,20,1,12,9,20,9,14,11,5,20,18,7,9,23,14,23,13,25,5,16,8,11,17,16,22,16,11,11,19,21,25,20,16,25,8,16,24,16,10,8,3,1,3,17,9,18,22,1,2,16,22,15,9,24,20,2,3,23,17,9,25,20,6,1,11,8,15,1,3,5,1,24,16,19
5,9,25,21,23,2,9,4,25,21,9,11,3,9,21,21,6,20,20,18,11,13,8,10,23,17,2,25,11,11,10,22,4,10,21,12,13,12,11,8,13,20,19,17,20,8,22,13,23,16,17,21,10,2,3,4,15,1,17,22,22,23,14,11,7,3,19,22,15,22,10,20,10,8,16,14,11,23,6,21;12,25,2,13,7,2,21,8,22,1,9,4,20,16,16,16,11,1,4,25,7,7,11,20,14,1,8,25,15,5,11,20,21,23,15,18,8,4,9,24,13,25,20,8,1,17,5,18,14,8,5,25,3,18,2,23,13,12,23,20,15,20,24,15,12,5,19,11,21,20,8,18,23,3,7,7,4,14,2,23
6,3,14,14,8,19,3,20,9,1,17,23,24,6,15,5,21,6,9,3,16,12,13,6,11,22,11,5,11,22,21,2,16,16,4,10,24,8,6,25,6,18,24,8,2,25,6,25,17,20,4,21,9,5,18,18,18,11,8,8,7,5,20,24,24,1,21,1,4,20,8,11,21,24,22,21,21,16,22,14;2,16,1,8,25,23,22,23,10,19,5,4,18,15,21,1,5,19,21,24,18,13,13,22,12,4,16,4,6,17,24,18,2,19,24,10,13,11,3,24,4,14,12,10,20,15,14,22,20,12,22,22,9,12,9,3,1,21,3,13,9,6,16,25,5,22,4,7,24,22,1,5,13,2,4,5,21,8,7,5
9,23,5,1,11,23,2,4,2,2,8,7,11,7,13,24,16,10,5,9,13,25,4,10,2,2,4,24,11,3,8,4,6,24,15,23,2,12,2,1,2,10,1,9,17,21,13,8,12,18,19,17,11,21,21,3,6,12,8,13,14,24,23,14,9,23,25,17,20,4,12,15,3,23,23,10,17,11,23,7;18,18,5,15,16,23,18,19,24,18,7,13,9,5,18,23,22,13,12,20,19,15,17,3,20,9,7,23,20,1,11,11,25,25,24,24,20,13,1,3,4,8,4,24,19,21,1,9,15,24,12,14,17,12,25,10,6,19,23,2,25,9,7,5,22,11,5,6,17,7,14,22,6,25,24,6,22,10,8,13
9,17,18,19,21,15,23,20,11,8,16,21,8,4,8,8,6,22,19,20,18,24,7,6,13,8,13,4,12,14,19,8,18,5,21,19,11,8,24,18,22,7,6,23,1,15,20,20,7,22,6,15,13,1,11,15,9,23,23,24,24,8,3,1,1,23,1,21,9,1,10,5,13,14,5,17,2,5,14,2;6,9,6,12,10,19,18,7,13,12,3,15,8,3,23,7,16,8,6,20,5,20,19,3,18,15,14,1,13,13,24,9,3,21,9,18,25,17,20,3,19,21,21,2,13,18,7,13,19,3,4,11,24,6,9,14,18,3,2,20,17,21,25,17,16,3,15,1,21,9,7,9,20,24,21,5,14,5,13,20
8,11,4,18,15,17,13,20,9,17,17,9,17,16,24,6,13,13,2,11,5,5,21,20,1,15,13,17,11,6,7,18,5,11,25,3,6,20,14,22,13,13,15,4,2,9,25,10,24,9,17,18,12,14,14,4,2,17,3,16,17,7,11,12,24,23,23,11,19,11,21,9,6,18,13,19,23,23,18,21;17,11,5,23,5,9,19,16,25,3,16,11,13,10,9,4,9,2,1,23,23,3,15,25,2,22,15,14,9,2,10,13,14,9,3,13,8,2,13,2,23,5,17,19,4,4,9,5,7,19,1,17,4,22,9,21,10,25,14,17,14,14,21,8,10,1,9,16,10,3,4,20,4,25,25,6,17,19,22,24
8,4,16,8,1,6,8,12,19,22,25,21,14,13,17,15,3,25,16,24,8,3,1,14,14,20,20,22,12,17,20,23,17,17,7,24,16,16,8,11,9,12,19,19,9,3,7,22,18,13,4,17,12,19,4,16,3,2,17,3,2,16,17,1,17,23,25,14,6,7,17,24,17,8,19,2,8,17,9,14;5,2,4,20,23,3,19,4,13,22,11,13,10,6,14,13,3,20,20,21,9,8,16,1,25,3,23,19,3,14,23,13,20,4,15,7,13,6,7,2,13,19,11,21,24,25,18,7,11,23,18,14,9,16,18,3,20,9,18,10,7,25,13,20,4,19,21,10,13,5,21,8,18,1,24,5,7,14,2,6
18,17,9,13,17,1,22,15,15,3,7,24,15,11,14,2,17,5,10,22,13,10,11,8,13,12,4,12,7,20,18,9,22,15,18,20,8,25,9,17,12,8,3,11,23,13,1,8,6,17,11,18,25,1,11,10,9,4,14,6,1,8,14,3,10,18,23,22,1,16,20,24,13,8,19,20,4,3,19,15;16,12,13,20,10,3,9,23,11,21,10,14,8,8,15,8,8,11,3,12,8,14,13,16,8,2,4,16,2,15,5,5,18,9,18,24,25,14,24,10,8,22,19,23,23,20,17,10,2,21,14,17,11,11,22,14,16,1,9,3,13,9,8,2,5,17,20,23,20,3,23,3,19,20,9,11,9,16,14,18
19,10,21,5,2,17,18,6,24,9,15,10,12,5,10,11,5,15,24,7,18,9,14,4,1,17,13,17,6,6,6,13,11,22,23,16,19,21,3,8,8,5,8,1,6,8,7,19,25,23,23,17,2,6,3,22,10,14,3,16,11,15,20,15,3,17,22,25,15,13,15,14,24,23,23,2,13,22,10,8;4,1,13,15,3,23,9,11,22,15,6,17,7,6,20,18,2,6,22,12,16,19,12,18,6,6,12,21,18,2,18,3,23,5,3,18,7,18,20,11,23,11,13,1,17,16,1,12,6,25,6,14,18,4,6,21,2,10,14,21,7,21,25,12,23,10,5,17,24,5,16,17,7,19,8,12,24,13,20,25
17,4,8,4,20,20,8,6,24,18,14,1,22,20,25,11,13,7,6,24,5,16,3,15,12,2,10,5,7,22,19,23,22,2,3,25,12,7,20,12,1,10,17,7,7,25,13,9,17,8,11,20,1,19,6,11,3,8,8,8,4,16,3,3,3,20,20,15,25,23,2,16,15,2,7,4,9,16,14,3;13,6,11,2,24,12,10,20,9,7,20,12,13,11,6,14,21,23,17,13,11,1,10,13,15,16,12,9,16,17,7,7,9,17,24,13,13,2,10,8,2,20,9,18,8,2,3,4,19,16,3,21,23,21,6,2,18,7,25,18,2,14,21,5,18,8,24,8,13,24,13,2,15,22,12,11,2,2,5,4
18,23,20,20,5,11,2,23,7,23,22,12,19,14,19,20,2,19,21,10,10,13,6,12,25,7,19,9,6,7,7,3,10,9,10,21,23,4,14,2,19,8,23,23,14,19,19,21,11,14,23,20,1,24,21,23,6,19,24,21,14,23,9,15,20,18,21,19,14,19,22,8,3,18,13,12,19,9,3,20;1,21,12,22,17,7,8,8,23,3,14,14,12,10,11,24,15,18,11,12,22,8,11,16,11,22,22,14,8,3,17,5,14,13,9,7,20,7,5,10,19,9,1,21,3,24,11,8,23,20,22,20,5,15,15,9,4,16,5,11,20,25,15,17,11,25,9,2,17,1,6,16,5,21,11,12,17,22,11,11
21,18,11,7,8,15,1,6,24,25,14,22,3,18,17,14,24,24,17,16,6,3,24,15,14,10,15,4,8,13,17,5,25,16,19,9,1,10,11,5,15,25,24,22,4,14,2,4,6,10,12,14,3,16,24,10,19,20,23,24,19,16,11,5,5,15,2,10,5,3,4,11,9,17,16,25,16,6,4,13;20,23,16,4,8,10,6,4,12,24,18,21,2,1,8,21,6,12,2,10,24,9,16,22,21,24,11,7,21,13,7,23,12,19,9,21,25,9,3,12,19,2,18,10,1,7,23,20,18,9,10,9,11,13,6,14,11,14,25,25,12,3,4,22,3,14,10,2,9,11,17,6,25,17,4,11,21,23,11,21
