8,7,21,8,9,3,3,14,19,19,3,18,3,18,7,10,21,11,12,16,11,9,4,19,7,20,21,16,9,14,13,1,8,5,15,25,9,18,5,23;18,24,14,11,6,3,17,2,11,23,11,25,16,25,7,6,24,7,16,18,5,19,15,3,1,13,3,8,25,25,24,3,6,21,4,7,5,5,10,11
11,2,13,20,12,7,2,22,10,20,17,3,14,22,5,4,18,16,5,22,10,24,20,22,20,23,17,13,10,20,23,2,21,12,1,13,13,24,1,1;12,1,18,18,22,4,15,23,2,20,13,9,7,14,4,3,16,1,7,16,6,22,20,9,9,18,19,2,14,12,14,19,5,2,5,23,9,7,10,13
11,21,25,11,22,23,23,13,19,1,25,14,11,16,24,13,8,1,20,7,13,21,23,18,8,3,1,16,11,6,8,8,8,19,7,9,23,20,21,16;25,17,19,14,16,24,13,11,15,16,9,11,5,13,9,13,9,20,24,15,15,2,21,12,7,22,1,7,7,24,2,19,10,23,14,15,17,14,4,13
10,13,10,9,15,1,13,13,19,10,1,3,18,6,14,10,15,20,2,24,24,3,15,5,19,12,23,4,9,24,22,16,19,24,11,18,16,7,13,19;9,21,16,1,11,14,16,20,25,7,23,6,11,18,20,9,5,13,19,17,10,9,17,8,16,6,2,20,5,13,13,24,21,8,8,12,22,21,19,12
10,8,24,2,25,17,9,5,2,15,9,16,15,25,10,19,5,5,16,10,4,25,18,1,7,18,8,8,11,9,10,22,9,6,18,15,2,3,7,9;22,10,17,21,4,8,15,8,14,1,17,7,8,16,25,19,24,8,13,16,21,17,18,9,14,12,9,24,22,25,1,22,1,4,20,4,4,2,14,12
13,2,15,15,3,21,8,11,19,17,25,25,2,4,8,13,25,10,12,16,3,15,9,4,23,21,3,3,11,13,20,23,22,13,5,2,3,7,4,12;16,12,21,3,20,11,13,4,3,24,19,15,25,8,24,16,16,1,4,12,22,17,23,15,22,14,1,18,10,9,13,15,24,10,20,18,9,4,14,16
13,22,2,8,15,13,2,3,2,22,8,12,23,23,1,22,15,20,1,3,6,12,11,25,11,3,12,8,12,1,8,4,9,20,10,24,14,3,25,2;3,3,22,25,13,7,13,19,16,18,15,18,22,4,2,1,7,19,23,12,6,22,25,17,20,20,8,21,2,21,1,12,3,6,5,12,14,9,8,16
12,14,14,4,7,15,17,5,2,6,8,1,8,13,19,20,21,13,9,20,18,19,3,12,22,10,10,20,10,17,21,12,22,25,14,8,9,17,15,6;13,8,19,11,9,20,14,1,3,9,4,13,2,11,13,22,3,13,18,15,1,7,22,12,4,3,9,11,24,10,12,17,15,19,24,9,22,18,23,15
12,8,1,22,18,5,12,20,10,11,18,14,5,7,12,4,12,23,23,5,23,18,6,8,10,16,19,25,12,2,9,18,9,7,22,4,19,13,9,22;3,23,20,8,2,15,12,16,15,3,25,15,1,10,18,7,22,8,12,13,12,12,24,14,25,8,18,14,18,22,25,15,19,15,8,1,4,23,17,14
8,9,17,18,9,20,20,8,24,8,16,5,24,14,12,4,14,3,21,17,12,11,3,20,15,7,2,22,17,11,6,10,8,24,7,9,5,13,4,21;3,18,18,20,20,19,18,14,23,25,4,5,8,15,12,9,1,4,8,18,16,12,14,13,10,16,19,3,20,17,21,7,17,20,5,11,1,21,22,13
8,4,6,10,19,12,16,25,7,13,24,17,23,11,7,13,5,15,10,5,17,11,8,16,3,15,11,2,18,22,17,14,20,6,14,8,15,10,1,11;16,8,19,15,13,15,16,2,11,19,1,7,7,13,16,18,19,24,2,17,2,17,15,13,8,22,1,8,12,4,9,7,23,16,16,3,6,25,16,13
7,22,16,7,12,14,6,25,7,22,1,5,5,23,23,11,11,6,17,21,2,17,22,5,16,22,8,15,17,14,5,24,6,11,18,15,9,21,15,15;25,13,18,3,9,5,19,11,23,11,14,25,13,18,3,15,13,16,22,18,21,2,11,10,17,4,2,21,10,18,20,12,8,2,11,25,13,10,8,12
7,15,5,25,22,6,1,17,16,3,8,17,2,20,19,20,1,18,7,7,7,14,25,1,2,2,18,19,18,25,18,3,20,18,1,13,19,17,10,6;13,2,17,23,2,24,18,24,9,4,10,2,11,16,7,24,7,11,14,18,5,7,12,10,13,10,9,1,2,5,8,9,12,24,20,19,18,14,2,11
10,10,21,12,25,10,1,25,7,4,25,3,13,21,17,14,23,22,2,13,5,4,16,4,18,5,13,14,18,4,3,6,8,25,10,24,22,21,9,7;7,4,21,5,18,2,15,20,1,3,12,11,2,6,5,22,24,4,5,14,7,9,17,16,23,14,25,20,15,16,22,2,12,4,20,7,25,16,1,16
10,4,8,5,10,1,19,17,16,10,8,14,10,18,10,23,11,8,17,24,8,2,21,23,6,13,22,19,18,15,16,10,21,7,18,22,6,17,3,24;20,20,22,25,11,22,14,8,14,22,6,13,1,4,9,6,18,22,24,14,18,15,18,19,21,18,8,24,9,3,8,25,16,24,5,24,5,22,20,15
9,23,20,3,4,3,11,17,16,19,7,3,19,5,3,23,18,25,24,15,20,8,11,12,16,20,20,6,18,8,5,20,7,12,22,4,1,6,20,3;4,24,19,12,7,10,17,17,24,13,20,7,6,9,21,3,13,17,19,17,12,22,16,14,3,2,8,13,6,16,21,5,1,12,1,22,13,7,12,14
9,17,7,19,15,18,5,8,24,24,15,15,16,2,21,7,8,12,13,1,25,5,14,8,4,25,4,9,17,18,17,24,21,19,2,2,12,25,14,18;17,15,20,8,25,6,15,5,12,9,16,9,3,8,25,12,5,12,13,16,21,4,16,16,1,8,18,15,23,2,9,3,7,8,11,14,18,11,6,14
12,12,24,7,18,24,4,15,16,1,6,24,3,3,20,1,5,15,9,7,23,20,5,11,20,5,24,6,19,24,2,2,9,1,14,13,13,6,11,21;11,17,24,15,16,9,13,1,2,5,18,18,20,25,23,9,22,5,4,12,23,5,22,22,11,11,7,9,11,14,22,21,5,14,11,4,23,13,4,18
13,5,13,25,3,14,25,6,24,6,14,12,25,23,15,8,18,2,23,19,1,17,9,8,8,11,9,8,19,10,13,6,21,8,21,12,24,2,5,10;24,6,25,10,7,3,13,16,15,1,14,20,17,21,2,19,16,23,23,12,9,10,24,24,7,17,16,13,3,1,10,18,10,10,20,21,5,18,24,18
11,22,23,23,22,16,15,8,24,15,15,1,7,12,6,7,2,18,6,11,13,24,24,19,19,18,6,21,19,3,2,16,10,13,25,19,17,14,22,14;8,10,21,22,5,18,14,23,2,18,3,16,23,3,14,15,11,17,18,13,3,20,20,19,16,24,17,2,25,15,21,23,21,20,16,18,12,2,16,17
12,18,10,14,7,8,9,23,7,20,23,12,6,9,24,16,15,5,20,21,18,23,2,15,7,23,15,1,18,13,14,20,22,20,6,17,2,10,17,4;21,1,22,17,23,13,12,13,15,11,22,16,21,1,18,25,3,10,10,13,12,25,21,22,14,5,25,6,19,2,9,23,25,18,1,10,17,9,10,17
14,11,1,1,10,12,8,6,1,22,15,22,15,10,22,10,12,9,16,3,14,11,20,19,21,4,11,21,19,17,24,21,10,2,17,3,5,14,13,7;15,3,1,24,12,14,10,7,5,10,24,25,12,16,16,22,20,5,1,11,14,3,1,3,22,7,16,25,7,11,24,14,25,22,1,1,22,10,8,21
15,7,15,19,19,3,4,23,9,2,22,8,12,5,18,19,2,20,5,13,19,10,23,15,9,9,20,25,20,3,12,2,24,9,25,1,16,10,8,24;3,19,25,21,5,10,11,22,18,4,20,2,11,15,22,7,14,23,20,11,24,8,2,3,20,13,23,4,24,23,10,13,3,18,11,18,4,15,3,21
13,24,25,17,13,5,19,23,9,11,22,24,21,19,8,17,8,12,13,5,6,17,12,2,22,16,18,13,20,21,1,10,11,14,2,8,9,23,25,2;12,22,24,7,25,23,12,4,3,20,8,22,16,19,7,3,9,18,15,12,19,17,25,25,4,22,24,18,22,12,23,18,14,6,5,15,10,24,20,20
14,18,14,10,25,22,14,15,18,17,5,10,18,14,4,1,21,24,2,15,11,14,15,23,10,23,2,18,19,6,14,16,23,21,9,6,20,19,19,17;25,13,25,4,19,19,12,19,17,14,5,24,15,18,11,13,3,11,9,11,3,22,24,2,2,3,8,20,13,24,11,16,19,1,17,7,17,4,14,19
24,7,5,12,15,14,3,19,14,23,12,13,20,12,24,14,10,4,21,15,16,21,25,17,9,13,8,8,15,10,11,1,2,20,20,25,14,2,20,22;10,21,7,4,6,19,1,13,14,14,2,1,13,20,13,7,6,2,17,1,2,1,21,16,10,1,13,18,12,25,18,7,17,8,20,1,4,11,6,2
24,1,19,5,25,6,24,9,22,3,19,25,17,8,19,23,1,14,10,1,19,20,5,13,20,20,17,13,14,20,24,7,15,2,2,23,22,23,14,14;23,11,9,24,24,14,25,1,3,7,23,3,12,18,19,17,25,22,11,25,13,6,22,18,8,7,20,22,6,12,6,7,23,4,5,18,10,16,2,4
23,18,4,4,19,8,14,11,22,12,21,15,1,21,10,22,7,8,17,18,6,2,19,25,7,3,15,1,14,13,13,17,3,7,5,5,17,11,4,18;9,16,7,12,19,3,3,8,13,24,12,24,18,23,5,13,21,16,6,3,6,16,18,13,17,16,21,11,2,1,17,12,8,14,24,15,17,25,18,1
23,13,18,22,3,25,10,3,6,18,4,2,23,17,5,4,22,17,7,3,11,24,22,21,21,8,24,4,15,24,1,21,15,14,12,3,3,5,25,8;22,7,8,7,12,23,1,23,1,20,8,24,15,21,10,23,14,9,25,1,16,21,20,15,13,20,5,15,20,13,5,10,14,10,10,7,22,5,12,3
1,6,9,9,6,4,7,9,22,19,20,11,9,19,4,23,19,23,1,9,7,14,13,24,9,13,19,25,16,3,11,22,3,21,23,16,4,11,22,11;14,9,10,14,4,1,24,19,17,16,10,8,7,11,6,20,4,2,16,24,18,23,24,21,23,24,20,9,9,23,18,3,12,16,11,23,4,6,10,5
2,2,21,25,16,20,3,25,6,25,3,23,6,15,22,7,7,8,15,20,12,11,18,20,22,19,4,3,15,15,21,3,17,3,4,12,15,7,16,25;4,23,11,11,22,20,24,7,6,10,6,10,4,9,12,5,23,22,8,24,4,4,1,24,19,5,4,14,25,9,5,25,15,12,20,15,9,13,6,7
25,19,6,23,10,23,18,25,6,9,2,13,14,3,13,7,16,1,22,11,24,18,8,7,8,1,1,16,15,6,12,11,4,8,8,21,8,19,8,4;13,2,10,21,17,10,25,16,16,1,19,5,9,16,22,1,19,14,5,25,22,11,24,18,3,12,5,2,23,24,19,5,1,25,14,12,17,20,22,4
1,13,20,16,22,12,13,17,14,14,10,25,12,24,8,16,4,11,11,24,4,15,10,3,21,6,10,21,15,17,23,17,16,15,16,18,19,15,3,19;1,18,11,19,10,6,1,4,4,22,14,7,8,13,3,11,13,9,22,25,7,16,25,21,1,18,12,4,15,11,7,3,7,21,1,4,22,2,16,5
3,8,12,3,25,18,13,25,6,16,1,9,22,25,6,10,1,16,7,3,25,5,2,6,12,11,6,15,17,23,8,18,4,22,2,6,22,21,24,22;18,20,13,23,1,7,21,25,18,18,16,16,23,5,24,8,4,3,13,23,9,19,5,2,11,21,3,23,5,22,19,21,5,2,1,17,1,3,14,8
4,1,24,19,9,10,6,17,14,21,9,21,19,22,25,17,14,1,21,15,5,2,6,2,25,17,15,20,16,9,21,24,18,4,7,2,7,15,19,12;8,11,14,21,20,2,22,15,7,14,12,16,22,3,5,17,21,23,7,22,20,24,6,2,7,2,11,3,22,9,7,19,10,22,11,11,9,8,8,9
2,21,11,18,3,12,23,17,14,5,11,9,3,9,18,17,23,19,4,7,17,8,21,14,11,24,13,8,16,1,9,7,5,9,11,11,1,4,11,15;17,13,12,6,15,15,23,22,17,6,25,12,3,8,15,14,17,15,2,23,13,9,2,24,16,9,11,16,19,21,18,23,21,8,5,7,14,17,25,6
3,14,23,11,13,2,17,9,22,10,19,23,25,6,11,1,11,4,18,17,22,8,24,10,24,6,22,12,16,12,22,13,17,16,19,7,11,25,5,7;5,4,12,3,8,11,23,12,5,25,21,14,1,6,21,24,11,10,21,23,23,14,4,24,14,15,21,21,11,8,6,21,1,6,14,25,21,22,20,8
6,9,14,23,16,8,16,17,16,12,10,7,11,7,9,20,8,10,14,24,19,21,15,13,14,9,17,7,16,16,7,14,7,23,3,20,12,4,2,10;22,6,15,8,22,14,19,6,22,23,24,23,17,21,19,21,3,3,11,19,25,16,8,7,22,19,10,14,24,19,19,14,25,10,14,14,1,24,18,10
6,3,3,16,1,22,12,9,24,17,18,19,8,4,5,4,23,20,3,9,24,20,20,9,3,15,24,12,17,4,20,18,19,5,11,16,23,25,21,25;12,22,17,5,16,9,19,21,10,17,18,25,14,19,23,5,21,23,3,19,11,22,10,8,20,23,19,19,18,6,7,12,3,6,1,8,8,5,12,10
4,20,13,12,19,25,2,9,22,1,17,7,18,16,20,1,4,13,11,1,10,1,9,23,13,22,24,25,15,19,8,3,5,10,15,25,18,11,13,3;21,25,15,16,13,23,20,3,20,8,8,19,19,24,8,2,15,16,24,20,3,4,8,4,4,7,20,7,14,21,20,16,14,18,20,3,14,15,4,9
5,16,2,5,6,16,21,25,8,6,25,21,14,13,16,10,19,23,25,13,14,23,12,17,1,4,8,2,17,5,19,9,18,17,23,22,2,8,7,18;9,16,14,13,4,18,20,18,8,2,2,21,18,23,14,11,9,10,18,19,14,11,7,5,2,13,3,10,7,8,8,16,19,14,5,22,21,19,24,11
25,16,18,1,20,7,5,12,19,3,1,12,8,20,15,11,22,3,23,25,3,19,11,6,7,21,16,1,22,14,16,1,16,9,7,2,14,8,2,17;9,12,13,25,24,22,24,16,16,24,7,10,2,3,8,13,12,6,16,24,18,11,24,3,10,21,3,25,10,2,1,9,18,20,1,7,18,15,3,7
1,10,5,19,6,21,24,4,3,9,9,23,5,15,9,20,13,15,12,11,8,16,14,25,20,1,25,6,24,25,4,5,5,16,15,25,25,4,22,9;22,2,14,20,18,18,25,4,4,18,3,12,24,1,11,23,6,1,8,24,4,16,25,6,8,1,11,4,2,14,14,6,23,16,11,24,23,22,22,9
24,4,15,15,25,24,16,4,3,18,10,12,15,4,24,17,19,6,19,2,19,23,4,14,5,8,23,19,22,17,18,15,16,19,19,7,18,18,13,12;8,5,12,8,13,6,25,13,15,9,16,8,4,8,24,20,2,18,3,25,24,24,21,1,17,9,11,18,24,3,2,11,9,1,7,21,5,6,12,6
25,23,4,8,10,15,10,20,11,23,18,23,12,24,20,2,9,18,8,15,25,20,6,10,19,15,7,21,23,3,5,19,4,1,25,6,3,14,8,2;21,21,14,3,6,2,1,1,3,3,13,8,3,4,2,4,19,13,22,25,10,4,22,3,15,15,21,22,16,15,13,11,12,24,17,13,12,11,8,8
3,18,20,20,13,19,9,4,3,25,7,10,23,2,18,20,4,21,4,19,21,10,25,14,9,19,2,18,23,7,15,20,17,10,11,16,5,18,5,5;13,23,15,10,22,5,22,22,17,1,15,17,19,21,1,1,11,7,13,21,9,7,2,9,23,17,10,16,6,25,3,2,10,3,17,4,17,12,7,10
3,12,7,13,23,11,5,20,11,5,17,21,20,21,11,5,19,8,18,6,1,7,2,10,22,24,11,21,23,18,1,1,6,17,18,15,15,14,1,20;1,14,17,7,13,25,22,12,6,20,9,19,17,20,4,11,4,2,7,20,20,12,3,9,21,23,19,20,23,11,16,2,16,24,1,21,22,17,1,10
1,4,19,12,16,13,20,20,11,14,16,10,4,11,4,2,1,25,1,23,13,14,17,21,8,8,9,9,23,10,17,11,17,22,23,22,10,1,16,24;12,16,15,17,11,13,23,19,16,12,24,14,23,24,17,7,25,19,2,24,15,21,24,6,5,5,20,9,20,1,2,6,2,11,22,18,5,1,16,9
2,22,6,3,3,5,15,12,19,19,24,21,1,5,23,11,16,12,15,9,18,13,20,17,21,14,18,13,24,21,2,15,4,4,3,20,21,22,10,15;25,7,14,15,4,9,23,9,4,8,18,16,22,23,20,17,19,14,19,21,1,2,1,7,1,11,2,11,12,13,15,4,7,7,7,10,10,8,12,10
5,17,23,15,4,9,13,20,13,21,16,6,10,7,21,5,13,15,11,15,14,1,13,21,10,17,14,8,25,2,12,16,19,11,14,6,22,3,9,16;17,9,18,20,18,10,21,3,20,4,20,25,12,13,19,14,11,7,9,19,2,4,8,15,11,16,18,5,25,24,3,22,5,13,7,24,17,8,10,13
