5,11,12,8,16,25,8,12,21,1,23,19,9,3,16,14,1,2,25,25,19,23,16,17,23,24,23,13,24,13,25,22,7,18,22,4,8,24,3,8,10,11,17,10,21,2,22,2,14,10;7,25,19,17,11,6,19,18,9,25,17,25,11,11,22,24,2,2,3,19,11,9,9,15,7,19,1,9,19,11,15,20,11,9,17,18,22,14,5,12,23,16,1,20,21,24,8,25,4,19
4,5,22,6,9,3,23,12,19,10,25,8,17,16,7,14,7,18,8,17,6,6,5,4,11,6,21,1,24,5,14,5,18,23,24,11,1,10,20,12,3,16,1,16,23,21,3,19,6,22;16,5,18,2,7,21,20,25,19,16,5,21,16,16,10,20,23,19,23,20,6,17,5,12,16,4,2,23,15,25,4,24,21,20,11,15,4,23,20,11,2,25,22,11,12,8,10,17,17,10
4,24,11,22,19,17,19,4,5,16,8,19,14,12,2,23,23,5,22,4,9,4,8,25,22,12,5,5,23,16,2,11,5,5,7,9,12,7,15,2,21,14,5,6,5,15,9,4,25,1;4,18,17,24,25,14,21,15,7,10,1,23,13,14,13,5,17,14,17,20,17,24,6,12,14,10,9,2,9,12,15,22,25,18,23,7,9,3,14,11,19,14,14,14,7,4,18,21,21,12
7,19,25,9,22,23,18,12,21,17,22,4,25,14,24,17,20,8,18,8,7,17,1,3,12,17,23,25,1,20,11,12,20,12,18,22,15,10,11,5,19,6,8,6,19,10,19,12,20,24;21,20,21,4,16,17,18,11,21,6,3,7,6,6,12,2,9,8,8,18,18,25,11,18,24,12,25,21,22,21,4,15,23,22,23,20,14,5,14,15,19,7,6,3,3,12,6,8,16,1
7,12,14,2,7,15,12,3,5,23,7,15,22,10,19,24,8,20,7,21,12,16,4,24,1,22,7,3,25,6,24,18,7,19,23,19,25,7,6,19,12,5,13,21,4,5,25,24,14,3;11,11,22,2,9,13,17,24,10,2,22,9,2,3,15,11,1,3,25,15,2,5,12,21,20,18,8,1,13,8,17,13,3,18,7,14,21,9,9,15,9,21,23,6,23,8,12,12,20,5
6,7,24,1,1,15,4,3,5,7,6,6,6,23,10,23,16,12,14,13,22,22,18,13,11,4,5,17,25,23,13,1,19,24,2,2,18,18,23,23,5,11,21,25,3,22,6,14,8,15;20,16,20,12,5,1,20,8,22,19,11,3,8,9,3,8,21,20,22,18,22,14,8,17,4,25,8,14,11,23,3,18,14,5,1,9,2,19,24,14,13,5,19,23,16,20,16,4,8,21
6,25,13,19,10,7,23,20,13,12,14,17,3,19,5,8,4,24,4,23,2,19,23,7,24,10,14,20,24,9,24,7,8,6,10,24,4,14,17,13,23,8,1,16,12,16,12,1,1,19;8,7,20,9,23,22,18,21,8,13,7,5,7,8,6,17,15,15,14,18,8,20,10,18,2,6,18,16,3,10,16,17,20,1,11,3,9,25,18,14,2,19,11,25,10,16,22,6,12,25
17,13,6,21,1,1,14,23,9,18,21,20,5,17,2,20,18,4,23,21,7,4,8,1,23,2,22,13,20,12,24,17,13,3,20,19,21,23,16,20,4,4,10,10,1,1,6,12,13,23;18,15,4,9,10,22,8,15,6,12,7,8,5,8,9,10,20,6,25,7,5,23,6,8,10,6,22,14,2,10,23,9,18,8,17,21,22,5,12,22,23,22,21,2,9,11,24,9,2,23
17,6,18,14,13,18,7,14,18,24,4,6,1,12,21,4,9,14,10,9,12,1,11,22,12,7,6,15,21,23,11,23,25,10,1,16,7,20,10,10,22,1,14,25,8,21,13,23,6,2;6,5,3,6,3,17,8,3,19,6,1,8,4,6,15,20,12,24,16,7,15,5,8,9,8,11,7,19,20,22,11,7,23,3,1,14,2,10,6,23,12,11,15,5,4,7,5,11,6,2
15,25,3,12,6,20,22,14,18,8,5,22,11,1,11,2,15,7,19,23,24,7,1,9,22,14,4,3,19,16,25,6,11,15,5,24,2,6,2,13,15,7,23,4,10,14,16,13,25,14;16,8,2,17,23,6,9,12,6,22,16,4,9,13,25,16,7,18,14,8,10,13,3,5,17,19,8,7,18,10,23,11,9,14,20,10,9,19,22,22,17,20,9,22,20,18,10,3,19,18
16,19,17,5,16,9,18,6,1,13,13,8,8,21,7,11,5,17,8,11,2,5,3,5,10,21,13,8,20,2,11,12,24,22,13,21,10,2,21,3,9,6,5,19,17,7,25,25,19,18;5,24,3,14,17,1,9,25,20,16,10,6,6,11,6,1,1,11,6,8,19,18,5,6,13,25,15,11,10,24,10,9,12,12,5,4,14,1,18,22,8,8,3,25,14,14,16,7,23,22
19,14,8,17,19,15,17,14,18,15,2,18,17,24,5,5,25,23,2,17,25,20,21,8,1,25,7,2,21,5,21,13,14,4,24,9,14,8,20,6,4,21,6,19,7,4,7,8,14,16;22,1,7,19,8,2,7,21,9,15,12,15,24,1,2,25,18,7,21,6,21,21,10,14,23,2,6,5,23,8,25,2,12,16,7,17,21,3,16,24,8,2,20,14,12,20,3,19,18,9
19,8,20,8,4,5,11,6,1,20,12,4,16,19,23,14,15,7,17,2,5,17,24,4,14,7,16,7,20,16,8,19,1,11,5,5,24,4,14,21,25,21,10,9,16,21,14,20,8,20;10,17,6,16,1,23,5,11,22,8,9,17,21,25,8,9,12,24,15,6,6,1,11,14,21,8,13,10,15,20,13,25,16,12,17,11,1,7,10,1,23,16,12,16,5,19,11,23,22,12
18,2,7,6,22,7,3,6,1,4,12,20,23,8,16,13,22,1,24,19,17,23,14,18,25,14,16,20,20,9,22,2,12,16,9,14,17,16,4,25,18,1,19,15,16,15,19,10,2,7;19,21,4,1,21,13,6,18,7,25,22,11,1,4,18,4,6,19,10,7,1,10,9,11,5,17,14,23,12,9,24,4,1,24,11,6,9,17,1,23,2,25,8,8,23,3,14,15,10,3
18,20,19,24,9,24,22,23,9,9,20,6,20,3,9,21,12,11,13,5,20,22,17,12,13,19,23,25,22,20,10,8,24,23,16,10,3,12,1,17,11,23,1,6,25,10,1,22,20,11;9,10,5,24,14,7,7,6,21,21,18,13,25,3,24,13,24,12,4,6,12,15,8,11,1,21,22,1,6,21,12,4,7,20,20,25,14,21,22,25,17,13,25,11,18,24,20,17,14,7
21,16,11,12,10,3,21,6,1,11,11,16,7,6,8,14,9,16,9,11,18,10,10,15,4,25,18,19,22,1,20,9,14,5,25,23,6,16,22,20,7,15,1,5,14,5,10,5,15,9;1,12,7,6,4,10,4,2,12,17,20,22,15,18,20,13,16,7,20,2,12,16,15,17,11,1,13,19,19,5,25,20,5,1,20,14,19,23,20,2,17,7,17,25,14,7,7,6,9,21
21,9,25,5,22,20,17,23,11,16,19,2,3,1,3,24,22,1,23,21,21,8,13,11,17,5,2,24,21,11,8,13,2,12,8,19,17,12,17,9,2,13,6,21,21,24,17,17,9,13;14,3,8,1,22,5,3,17,23,13,14,24,14,16,25,22,10,25,12,2,22,23,16,20,7,6,20,24,11,17,13,20,11,22,7,8,1,4,14,4,8,21,9,2,9,3,15,8,13,23
20,1,10,1,16,22,7,23,9,25,20,16,13,15,19,23,5,19,6,13,8,14,2,25,2,12,25,12,21,4,21,23,13,17,12,3,10,23,9,13,18,18,17,25,23,16,20,7,3,25;23,8,7,13,19,18,6,24,10,4,3,17,19,23,11,19,4,19,7,5,17,6,12,16,16,14,21,12,9,7,24,25,21,7,1,3,8,12,4,1,13,5,5,19,25,15,17,25,1,16
20,20,24,19,25,13,2,14,18,5,3,4,10,10,12,7,19,4,20,25,13,13,5,21,15,17,9,15,21,15,7,2,2,24,20,25,20,20,3,3,13,18,22,15,5,10,2,19,22,4;13,23,8,8,10,14,4,14,24,23,24,19,18,19,17,3,22,12,1,5,3,11,14,17,14,20,5,17,25,18,12,22,25,5,11,22,13,18,1,2,2,18,24,22,19,11,1,2,5,18
23,15,13,6,3,17,2,22,11,7,17,14,21,13,10,1,16,9,16,7,11,1,23,24,4,23,5,11,21,19,19,5,15,6,4,12,22,1,25,6,9,8,22,15,19,5,11,2,17,2;5,25,10,15,1,17,2,10,13,22,1,3,9,11,13,1,14,6,17,1,3,14,18,23,22,22,19,10,13,5,1,15,23,9,11,11,18,20,24,5,2,12,14,11,18,19,13,16,25,7
24,9,2,24,13,9,20,12,19,12,2,25,18,8,6,8,4,21,5,17,14,1,1,18,17,3,14,14,22,4,5,9,2,13,11,11,7,22,19,21,4,7,4,5,3,25,18,14,10,6;18,14,11,10,20,10,25,23,1,15,22,5,8,10,18,10,8,25,11,25,13,19,20,25,20,3,4,15,7,17,14,13,3,5,20,2,25,25,18,6,17,1,8,12,12,15,19,18,6,11
22,3,12,21,7,11,10,14,19,21,2,14,25,22,22,8,12,13,12,9,1,7,15,7,3,10,11,2,23,22,18,19,16,18,16,18,25,8,11,24,20,12,13,11,3,17,23,4,2,18;2,19,10,23,15,1,3,5,12,7,11,24,13,14,4,7,2,18,6,2,8,3,16,20,4,12,5,3,3,6,1,18,14,18,17,25,6,9,8,3,23,10,4,5,3,25,23,10,17,2
23,21,1,13,19,1,6,6,3,2,9,2,22,17,17,17,25,23,2,19,6,4,18,3,16,15,20,7,22,8,6,23,3,25,23,16,11,4,5,16,16,10,18,24,12,11,5,15,23,22;17,10,11,18,8,21,1,20,25,1,5,1,10,13,9,16,21,13,23,1,19,8,17,22,2,16,12,6,22,18,14,16,19,14,1,17,13,13,5,5,13,24,21,8,23,23,5,14,21,5
18,22,17,9,7,16,14,18,15,24,10,18,18,24,16,17,5,3,24,8,20,25,17,16,23,9,3,5,2,16,3,15,1,17,8,19,23,5,25,15,3,23,12,7,2,16,3,19,25,12;17,4,9,5,3,25,7,18,8,23,11,17,19,18,4,16,24,10,21,6,23,8,9,21,11,23,13,21,24,12,9,10,18,19,23,2,10,12,7,2,19,5,20,7,19,17,2,13,21,8
18,16,4,2,19,8,9,9,23,4,18,5,15,20,10,24,18,15,14,19,25,22,20,12,11,14,12,8,4,2,14,21,13,24,16,18,9,1,20,5,22,21,19,22,9,10,9,6,20,18;5,20,8,2,20,21,6,8,21,17,5,18,18,16,7,1,18,3,15,4,9,13,8,21,8,4,20,25,16,24,20,8,21,15,7,21,17,16,3,3,9,19,13,9,14,14,11,15,25,10
17,10,16,23,12,10,24,9,23,13,19,18,24,8,3,24,2,6,21,10,12,3,10,23,22,22,12,21,4,18,5,6,25,4,20,25,2,13,11,8,15,1,3,1,11,2,15,23,12,3;15,24,7,13,17,9,9,15,6,8,19,13,23,21,18,22,14,23,10,7,2,23,6,18,18,14,21,14,13,14,8,12,9,3,3,18,22,1,18,25,13,3,8,1,5,25,13,7,13,3
17,4,3,16,22,2,20,1,6,18,2,5,21,4,21,8,15,18,10,21,15,1,15,20,10,2,21,1,3,6,15,10,12,11,25,23,13,9,6,25,8,24,8,16,18,22,21,10,6,9;3,15,8,10,10,5,7,5,19,2,15,15,20,19,23,7,7,16,2,6,12,3,7,19,15,18,5,18,7,1,21,10,13,23,13,10,4,5,13,2,3,17,1,4,24,21,21,11,17,5
20,24,19,4,25,6,19,9,23,20,16,16,8,6,19,2,12,21,6,2,14,16,6,23,24,7,15,20,3,10,25,11,2,18,11,9,14,15,3,1,6,16,8,18,7,17,4,16,1,5;21,17,10,15,24,8,5,24,11,25,17,24,12,9,21,4,24,9,18,3,14,6,12,25,24,22,19,12,20,10,8,3,11,3,13,23,9,7,11,4,3,10,17,18,21,2,8,23,12,19
21,17,8,22,10,23,13,1,8,25,24,3,5,25,15,11,2,8,20,12,17,13,9,19,12,12,24,25,5,20,13,17,14,25,19,7,25,11,22,18,24,13,15,6,16,11,12,3,22,11;9,6,11,12,17,1,3,14,24,19,13,1,9,8,25,15,16,4,12,2,25,11,14,2,21,3,4,16,12,22,21,1,16,23,23,17,14,13,7,6,19,24,10,21,15,25,15,2,16,23
19,11,18,20,4,25,5,1,6,9,1,16,12,15,5,8,9,24,3,4,4,19,23,8,25,20,21,13,3,13,2,25,1,5,23,14,20,22,14,21,17,18,24,12,16,3,16,18,14,21;18,10,10,22,13,16,6,21,9,10,2,20,15,15,12,10,12,23,7,3,17,19,10,22,6,10,4,5,10,11,8,6,2,11,17,13,22,23,22,3,23,8,5,12,6,10,19,19,4,14
20,5,7,11,13,14,24,18,15,15,9,3,9,11,1,18,22,11,17,16,9,18,3,2,11,2,5,18,4,24,15,6,15,12,4,12,3,19,8,11,10,18,3,3,25,22,22,5,7,2;8,1,11,20,6,12,4,11,23,6,21,22,14,11,16,20,6,16,1,3,3,24,11,24,1,16,12,7,2,23,21,5,7,7,4,7,2,2,16,5,13,22,25,15,1,6,25,21,8,17
22,25,22,23,16,20,23,1,8,16,25,12,20,13,22,11,19,15,13,23,7,7,19,5,1,5,1,12,5,5,24,7,3,19,15,25,6,22,7,14,6,10,4,2,15,18,7,13,2,23;25,3,13,2,22,13,2,7,12,3,23,6,4,3,14,19,22,9,17,1,5,1,18,5,12,18,3,1,15,9,10,21,6,13,4,20,9,4,15,7,13,15,14,4,24,14,12,10,3,4
23,19,11,16,3,10,19,17,17,21,8,1,17,7,17,21,9,2,2,8,10,6,22,1,15,10,10,17,4,15,12,13,15,1,23,22,17,19,1,4,2,8,11,18,22,12,13,25,21,4;13,19,14,22,15,9,2,20,25,23,19,8,3,1,18,3,16,4,11,1,16,7,17,8,9,24,10,6,8,21,21,21,9,9,13,14,14,9,11,9,5,4,9,7,19,10,21,12,6,8
21,11,21,14,20,12,9,18,17,6,9,14,1,22,8,20,15,18,9,25,22,12,13,15,25,18,8,5,4,6,1,21,3,6,25,6,10,7,16,8,18,13,20,22,23,6,19,15,15,14;22,22,12,9,11,22,3,4,10,15,8,1,8,6,5,25,10,22,6,2,8,16,15,2,19,7,11,19,4,9,9,1,20,21,7,9,21,18,1,6,9,13,4,23,10,22,23,4,20,24
22,6,10,5,7,4,2,9,25,11,17,1,23,16,4,2,6,5,24,10,2,9,16,9,13,25,17,7,5,19,12,2,16,13,7,2,21,1,11,22,13,10,24,12,6,23,25,1,9,20;12,12,13,4,4,17,2,17,24,9,4,4,7,4,9,9,4,17,23,1,19,21,16,5,14,13,18,23,23,20,22,24,25,17,17,3,1,24,20,7,23,2,22,1,5,18,4,6,24,3
25,25,1,18,10,8,2,15,17,12,6,10,10,20,2,21,1,8,20,16,23,24,7,12,4,3,12,2,6,23,24,3,4,20,18,15,24,7,9,25,9,2,2,12,20,18,8,10,4,16;4,14,15,11,20,20,24,13,15,5,6,12,22,19,7,7,21,10,14,23,21,24,21,11,25,17,10,17,11,7,10,17,23,21,19,17,6,1,18,10,23,20,13,15,3,1,16,20,18,17
25,20,13,11,19,24,22,7,25,18,14,22,6,14,20,5,16,20,9,2,3,22,10,8,17,10,21,7,5,9,9,7,18,2,24,11,8,3,4,17,4,25,7,2,4,13,14,22,22,22;17,5,16,7,13,16,25,3,3,1,25,15,21,18,11,16,14,5,8,22,7,4,22,11,20,23,19,22,3,19,23,14,4,17,4,9,13,6,15,9,13,9,6,18,20,22,24,22,22,19
23,12,25,9,13,2,12,7,25,2,16,12,14,4,13,5,22,11,16,18,15,3,2,22,3,18,19,20,5,1,23,17,4,7,3,20,3,15,21,19,20,5,16,8,4,6,20,12,16,7;1,8,15,19,9,4,1,10,13,17,15,8,2,25,23,13,8,22,3,25,24,12,18,8,5,5,20,10,25,8,9,19,14,5,23,6,19,15,5,8,19,18,1,9,14,6,2,14,10,12
24,6,12,2,23,18,8,24,8,7,23,24,13,23,6,14,12,23,5,6,20,25,4,18,16,23,3,24,4,12,11,23,16,14,11,16,13,11,15,11,15,5,20,23,13,1,1,23,10,13;16,24,16,14,2,25,1,23,2,11,10,10,24,21,2,22,2,17,22,25,10,17,20,10,2,11,2,13,17,20,22,17,20,25,7,25,1,20,24,8,9,7,19,12,8,5,10,18,14,13
9,20,5,6,13,13,22,3,5,13,5,1,14,21,3,1,1,4,22,4,25,10,14,10,15,15,10,15,25,15,11,8,21,13,21,12,5,20,14,16,19,25,4,15,2,11,20,9,21,15;25,9,23,16,14,25,16,17,24,11,9,14,22,23,5,15,7,8,5,14,9,22,16,24,10,8,7,10,16,19,4,8,18,7,13,17,14,2,18,18,2,12,3,14,7,24,10,20,7,14
10,14,17,22,25,2,18,20,13,19,13,13,11,17,22,11,16,14,12,15,3,7,17,6,3,20,19,19,1,1,21,12,8,20,2,8,16,16,8,8,14,23,8,6,9,6,1,21,15,21;15,23,25,11,7,18,14,7,13,5,5,16,21,21,10,24,1,1,24,14,18,2,18,1,8,14,16,15,10,8,17,8,21,3,23,11,19,6,12,18,19,1,21,17,1,20,18,22,11,16
8,6,4,20,19,4,8,20,13,3,15,3,19,5,14,8,23,7,21,6,15,13,7,20,14,2,16,7,24,17,10,22,20,25,6,17,9,3,25,9,5,3,17,12,11,22,7,11,9,8;24,2,21,24,2,9,17,14,23,21,19,9,1,1,21,21,19,21,19,15,13,12,14,21,17,24,17,3,7,20,5,13,9,15,17,6,1,16,3,17,23,10,16,9,17,5,20,14,24,7
9,25,16,13,4,21,3,12,21,8,23,15,15,1,8,17,11,17,10,17,20,10,12,16,2,8,25,12,1,4,23,3,9,7,14,13,20,24,19,1,1,1,24,2,18,17,13,22,3,12;12,18,22,19,21,4,15,2,11,15,13,12,25,24,1,5,13,13,13,15,23,17,15,23,15,5,24,8,24,7,18,11,12,11,1,25,8,20,22,16,13,24,10,11,12,1,3,16,3,10
11,20,7,1,7,25,1,18,13,10,12,24,2,3,6,11,8,22,4,23,18,25,3,17,18,13,21,7,1,8,8,4,22,14,23,1,23,3,16,4,21,17,25,2,7,12,23,6,23,8;4,20,1,1,10,5,13,23,1,13,15,20,16,16,23,3,5,9,4,13,25,18,20,4,23,7,16,1,12,18,6,3,11,15,1,14,13,22,22,21,13,17,25,25,10,9,16,5,23,25
12,13,21,16,16,17,21,10,21,15,22,11,24,24,2,20,23,7,18,10,21,23,5,13,4,18,5,11,2,19,21,8,11,21,5,22,8,24,10,19,17,17,4,17,16,6,4,18,16,14;19,11,2,21,3,1,13,13,14,7,11,23,14,13,3,12,24,2,21,12,9,23,21,7,21,13,23,6,4,5,19,1,16,11,13,6,18,4,16,20,2,6,20,3,5,5,22,7,2,1
10,8,6,15,10,19,11,12,21,24,21,1,8,12,17,18,5,1,1,2,8,4,20,2,16,25,3,24,25,12,9,18,22,1,9,6,1,13,2,22,8,20,13,21,16,25,8,8,8,24;3,13,24,8,25,14,14,20,1,24,24,16,20,19,14,9,17,21,16,13,4,8,17,2,5,20,24,19,2,20,5,6,2,24,7,3,1,11,7,19,9,15,15,20,21,16,24,24,15,19
11,1,18,8,20,10,7,3,4,4,4,13,5,8,11,2,20,10,15,13,13,3,25,23,4,8,12,2,2,22,20,22,10,8,17,3,12,7,22,12,3,20,20,11,25,17,16,19,4,5;16,4,25,4,16,10,15,10,14,19,21,18,17,18,19,18,11,14,10,13,14,13,18,4,1,1,6,22,20,6,18,4,7,19,17,20,6,18,1,19,23,4,8,23,16,13,7,3,19,21
14,21,10,20,23,15,6,10,23,6,20,22,16,10,9,21,15,16,11,19,9,16,16,1,18,11,7,24,2,3,7,25,23,15,1,16,13,13,20,15,24,12,21,11,14,13,24,3,24,1;10,6,4,11,8,13,11,6,4,16,23,2,9,8,16,15,3,9,1,9,16,15,25,10,11,3,22,15,8,16,5,22,5,1,17,10,13,19,1,21,23,22,24,9,12,21,19,15,14,10
14,15,24,13,9,6,25,1,6,11,3,9,13,6,4,5,5,1,25,4,14,15,19,20,6,18,16,1,1,14,18,4,12,22,9,14,24,9,15,5,19,9,25,1,21,7,5,15,18,7;23,22,3,6,1,8,11,19,17,12,17,4,6,6,21,25,22,2,20,9,25,20,24,10,9,9,7,20,25,2,18,19,9,21,1,2,18,24,20,23,13,11,17,12,7,17,1,20,18,14
12,9,9,9,3,8,17,1,6,20,5,22,21,19,20,4,11,19,8,21,1,22,8,9,17,25,14,14,2,5,6,14,23,2,13,21,19,20,5,9,10,15,9,7,23,1,11,4,10,17;7,25,1,18,21,21,12,1,2,3,7,25,11,11,7,22,18,22,15,12,20,5,22,7,16,19,7,8,23,17,6,24,21,9,23,25,25,8,11,22,19,20,12,4,25,1,5,11,6,5
