19,5,17,11,21,11,16,5,1,21,10,7,2,13,11,19,20,21,23,10,1,10,21,1,21,7,17,11,23,19,16,15,12,23,22,4,4,2,18,12,4,25,19,11,1,8,25,15,22,10,21,3,13,17,1,24,25,18,6,1;23,20,20,22,16,25,7,13,23,9,8,3,16,6,14,17,14,12,19,8,10,15,14,12,18,22,8,18,17,9,10,10,4,20,2,9,9,8,7,17,5,25,11,24,9,20,5,9,25,7,16,12,10,17,2,1,15,16,11,12
18,22,2,9,15,13,6,5,1,5,11,22,9,1,1,18,3,13,5,25,13,17,11,13,7,15,15,23,23,12,4,23,23,4,1,13,22,13,10,15,22,5,3,17,3,1,5,5,17,20,9,6,10,7,3,12,18,12,11,18;7,25,19,10,11,13,8,20,10,25,21,24,22,13,25,13,10,7,14,10,5,24,10,8,2,5,9,8,14,23,24,16,15,8,21,6,17,18,23,16,9,8,7,15,25,4,7,1,13,23,13,17,15,7,4,7,7,13,25,8
18,18,16,25,25,5,2,21,10,11,19,9,6,22,22,3,17,25,19,12,16,14,13,9,20,22,24,3,22,23,17,5,11,10,9,9,8,9,4,5,15,3,8,8,10,21,12,17,10,1,21,4,12,10,19,23,19,22,25,4;20,13,20,5,4,9,8,10,21,19,18,24,21,11,5,23,4,24,8,9,16,5,11,9,25,11,18,11,6,10,11,14,20,3,6,23,22,22,17,15,24,22,1,18,20,25,16,5,17,2,7,16,22,2,11,14,17,22,2,1
4,5,7,4,15,22,16,24,6,17,24,12,8,20,17,15,6,5,13,11,22,23,23,3,19,14,5,21,17,24,17,14,15,8,17,5,2,18,3,10,21,23,16,25,24,6,5,3,22,5,1,6,25,19,3,20,1,1,20,9;6,23,2,7,16,9,23,2,19,19,17,2,19,11,6,15,7,18,16,1,13,8,6,24,8,10,23,8,5,11,19,6,18,8,11,17,9,4,11,25,19,1,8,20,18,22,15,6,9,1,1,18,24,20,17,2,13,13,18,20
4,24,21,22,2,14,12,15,14,22,9,23,5,14,12,24,21,15,3,21,2,21,1,22,7,19,14,23,19,9,3,20,5,14,25,1,12,13,24,2,15,23,21,15,6,1,12,14,15,9,15,5,2,22,18,7,2,11,11,19;19,14,4,2,10,4,21,17,7,13,11,4,18,10,12,25,1,10,10,25,24,15,7,2,6,16,8,13,22,23,6,3,24,4,21,9,16,9,5,25,9,14,3,23,13,18,24,10,13,4,18,15,4,16,24,7,24,23,23,13
2,18,6,20,20,16,2,16,14,6,8,14,14,4,3,22,2,6,10,13,14,2,18,11,18,1,12,11,17,2,17,3,16,20,4,10,5,1,14,6,8,1,5,21,8,19,17,4,9,21,1,9,24,12,20,19,20,5,16,11;3,17,2,12,5,18,24,24,19,4,25,23,23,16,22,22,21,5,5,1,18,23,5,21,15,23,8,1,19,10,18,8,9,16,15,6,24,18,20,24,15,23,23,17,6,2,1,2,1,20,15,22,11,5,2,13,15,19,11,9
3,11,20,13,5,7,20,7,23,12,16,25,11,23,23,6,17,18,24,25,19,24,21,7,6,7,21,16,18,13,4,10,3,1,11,6,16,22,8,20,3,1,9,11,15,12,24,16,3,25,13,6,1,15,11,6,23,16,7,22;16,8,3,10,23,13,23,14,8,25,21,25,20,13,3,6,15,23,24,1,4,3,4,24,13,4,16,6,13,22,6,8,13,12,25,23,4,23,15,24,5,12,16,17,25,24,9,4,5,24,9,19,16,1,8,20,3,4,14,2
6,7,11,24,8,11,20,15,14,13,7,10,22,25,22,25,14,24,20,7,15,14,12,10,22,12,16,10,18,19,14,10,16,9,21,19,19,1,7,23,24,18,12,11,5,7,8,25,23,23,2,2,3,6,14,18,10,15,6,2;10,10,5,16,14,14,20,10,22,21,23,9,13,5,24,3,5,18,15,22,4,6,11,5,21,7,7,24,1,8,18,24,11,18,25,14,9,25,15,3,5,6,8,6,22,7,21,18,25,11,21,11,24,24,24,25,8,1,9,16
6,25,24,17,18,3,15,7,23,19,15,21,19,21,15,9,3,8,9,17,20,11,14,6,10,17,1,15,18,5,2,16,5,15,3,17,5,22,1,13,17,15,17,1,14,1,15,11,16,2,15,25,3,11,4,5,13,25,22,13;23,25,6,12,7,10,21,23,10,17,19,11,9,3,5,13,24,11,7,22,15,11,12,7,19,13,14,2,18,20,6,24,16,14,11,6,16,6,9,3,19,19,25,9,16,3,3,20,4,15,16,8,5,18,8,7,20,11,14,9
5,17,8,15,12,5,5,7,23,3,17,12,4,11,8,8,9,2,17,9,7,18,6,18,21,24,23,3,18,22,16,24,17,21,7,24,23,9,18,17,10,21,1,5,15,20,18,1,11,14,3,3,2,24,8,19,5,19,2,5;7,3,5,24,3,25,22,7,21,9,8,7,15,8,15,9,20,5,4,25,9,20,8,2,3,22,15,17,16,10,19,3,2,2,6,3,22,13,24,2,23,3,20,1,7,14,7,12,17,6,12,14,12,10,8,14,11,7,2,5
5,13,22,8,21,20,1,24,6,8,24,23,1,5,1,16,24,12,6,19,12,17,9,14,9,5,7,6,19,8,3,6,4,2,13,21,9,5,13,7,3,18,5,21,23,14,25,13,4,18,15,3,1,4,24,6,7,5,16,17;22,19,4,19,21,19,22,20,9,2,2,7,14,6,21,19,13,23,21,24,20,25,10,4,24,1,22,20,8,21,5,1,7,23,15,20,4,20,19,1,15,17,13,3,2,10,13,14,21,10,4,11,17,5,17,18,22,17,5,23
8,6,14,20,24,1,25,7,24,10,14,8,10,7,24,9,21,17,25,25,8,5,25,17,22,10,1,2,20,12,13,6,19,12,24,9,10,11,9,10,1,10,8,20,12,10,9,19,24,16,4,22,3,20,25,17,20,6,15,20;14,21,8,1,12,22,18,16,25,24,4,16,4,21,19,16,5,17,12,21,20,3,15,10,9,5,13,14,21,6,20,19,6,2,15,10,8,22,19,4,15,11,5,17,25,18,25,3,16,24,19,3,25,4,6,23,4,14,25,13
8,2,1,11,11,16,19,24,8,15,24,19,9,3,20,19,9,2,14,11,13,4,3,13,11,15,10,5,19,23,1,10,6,18,7,7,20,7,4,1,19,8,13,11,19,2,16,6,18,20,17,22,5,23,15,4,23,16,6,6;2,12,9,21,5,17,18,6,11,20,25,18,3,20,22,1,22,12,6,20,6,8,16,11,7,11,21,18,15,18,8,17,11,24,2,2,14,1,13,5,5,24,22,20,20,15,8,5,20,25,11,25,7,22,15,5,15,24,5,6
7,19,13,9,3,18,11,24,6,24,23,8,16,16,11,18,18,20,24,2,25,11,19,25,21,22,10,18,19,15,15,20,17,22,11,14,14,18,21,5,12,13,22,17,21,21,21,23,10,7,2,25,4,13,19,17,16,11,11,25;11,16,7,9,1,5,19,13,24,11,13,13,8,1,8,22,18,4,1,21,25,16,14,8,16,18,22,7,10,7,19,21,22,10,21,25,21,11,3,2,9,8,18,12,11,24,11,22,8,19,8,7,12,14,15,12,6,20,18,2
7,12,25,2,15,9,5,15,16,4,6,21,13,12,4,2,6,5,13,15,3,8,22,21,9,5,19,23,18,1,1,25,5,3,16,12,24,15,15,20,6,13,1,5,3,15,3,8,6,11,17,24,4,18,10,5,19,21,1,10;1,5,7,4,19,1,19,1,12,5,10,13,7,23,13,7,11,24,20,21,11,21,13,8,12,24,6,11,4,19,7,19,25,6,6,16,3,15,22,4,24,22,12,15,6,22,17,1,12,20,25,4,18,8,24,19,16,5,23,20
10,7,16,15,18,13,4,24,8,6,22,6,24,14,2,21,3,10,7,19,1,21,13,24,25,8,12,17,21,7,11,2,20,13,2,23,2,19,12,23,1,4,4,7,17,10,10,16,25,9,4,19,6,10,13,15,7,22,1,14;17,7,10,11,8,4,17,22,1,3,12,22,23,15,12,4,3,17,11,19,11,24,20,16,22,2,22,5,17,5,20,12,23,12,6,5,8,17,23,6,24,16,2,3,2,3,4,13,7,9,15,20,25,6,15,24,23,2,18,9
11,1,6,6,2,5,25,15,16,11,5,17,21,10,23,3,18,20,21,6,6,20,18,20,13,15,21,22,20,18,23,6,7,19,10,21,13,15,6,13,22,2,9,22,1,5,19,3,19,13,18,18,5,12,3,2,10,7,17,1;5,23,12,8,1,23,16,12,14,22,6,24,21,13,15,13,22,12,3,19,21,4,21,16,18,8,5,7,9,17,8,10,4,8,15,24,13,23,17,8,15,4,21,6,22,24,12,17,11,13,7,17,8,2,22,6,9,12,20,2
9,20,15,4,21,7,15,15,16,20,6,6,6,23,13,3,25,14,3,23,18,1,8,9,24,22,19,10,20,10,12,16,18,25,12,3,6,3,23,16,15,7,17,1,3,21,22,18,11,25,4,21,5,3,7,16,1,2,22,18;15,2,10,19,23,13,16,19,25,13,21,20,2,18,3,10,16,4,23,20,16,13,17,13,2,15,5,23,6,4,21,15,15,20,11,19,21,8,7,5,19,13,17,23,15,11,15,9,24,4,3,24,13,18,24,12,25,8,9,24
10,14,4,22,6,24,8,7,24,25,14,19,2,19,9,12,13,24,17,9,21,24,10,3,12,3,3,15,19,21,25,21,7,6,20,2,17,22,17,6,8,5,24,16,10,16,4,5,5,4,16,21,6,5,23,3,4,12,10,3;4,18,9,16,15,8,17,9,13,7,15,22,24,16,6,20,9,24,17,19,2,18,19,14,25,21,13,25,23,18,9,14,20,16,21,13,1,12,1,7,9,2,9,1,7,7,23,11,3,6,20,21,20,12,6,17,13,18,14,16
5,15,20,18,21,14,18,19,11,22,13,10,22,1,8,12,18,4,15,21,10,19,10,18,17,19,13,13,2,3,22,12,4,22,7,7,2,25,12,7,21,18,19,24,25,21,2,11,8,19,13,9,20,6,20,5,25,11,14,9;5,12,8,3,10,12,21,7,21,4,20,11,8,21,25,22,13,20,15,22,6,18,8,12,10,3,13,15,3,13,2,7,19,20,18,23,24,8,5,3,16,11,8,1,3,4,21,11,3,11,4,25,8,16,6,16,6,22,13,1
5,8,7,11,6,4,12,10,20,3,21,22,18,21,2,21,8,16,4,8,15,17,12,12,5,25,22,16,1,14,8,18,18,3,12,3,13,21,6,22,16,16,24,14,7,13,9,22,4,25,25,7,19,10,10,19,3,21,4,20;18,3,9,23,3,8,21,20,9,23,16,13,5,20,4,6,7,15,7,22,17,23,10,13,6,9,21,20,19,25,15,5,22,18,2,15,5,15,25,5,5,25,1,2,23,25,4,13,7,12,21,24,13,10,15,23,16,6,18,19
4,2,17,7,25,6,4,10,20,12,22,10,3,10,19,19,14,7,12,25,2,23,2,1,18,9,20,4,1,6,21,3,4,9,16,12,8,8,23,25,7,21,7,18,9,7,14,12,21,10,13,10,19,24,14,7,19,15,9,12;2,8,7,8,23,21,22,4,19,15,4,7,10,25,17,3,3,7,2,23,10,8,6,9,15,18,21,8,17,14,1,9,8,3,21,12,12,24,17,2,9,8,21,21,14,9,6,5,20,5,17,4,20,1,15,4,8,3,4,16
4,21,6,25,11,23,22,2,3,17,5,22,25,5,13,3,2,19,1,10,7,22,5,22,4,14,4,9,1,17,9,7,17,15,24,9,16,4,18,15,2,19,14,8,16,1,21,24,15,16,1,10,20,3,4,18,22,25,25,24;15,22,7,6,17,17,22,17,8,10,1,9,9,23,20,12,19,2,21,23,20,13,7,12,13,22,6,13,9,1,14,7,13,24,8,4,17,4,11,4,1,22,14,24,9,5,14,7,24,7,11,3,25,22,24,9,18,12,9,9
7,16,22,12,12,2,22,10,22,19,21,8,11,8,11,22,24,22,22,16,3,10,23,25,20,17,22,3,1,23,19,8,7,23,10,21,20,8,15,18,23,10,15,8,5,22,5,7,10,12,15,4,20,20,6,5,11,25,25,3;9,1,10,13,8,20,18,13,24,7,3,18,24,13,18,9,11,21,12,21,22,16,14,18,21,1,20,6,22,10,4,25,11,5,8,20,22,6,9,6,1,14,5,11,7,13,25,21,19,21,24,17,8,20,15,14,25,10,4,23
8,10,9,5,24,18,17,2,5,24,4,20,8,3,6,6,15,9,11,2,8,9,1,21,8,25,6,8,2,9,7,14,19,4,16,18,5,4,9,8,16,10,19,23,14,16,12,19,3,18,2,4,22,22,21,17,12,10,15,15;22,14,12,8,1,13,18,3,10,1,22,20,23,11,22,19,5,15,6,20,8,21,15,18,19,7,4,9,16,22,16,23,17,1,18,12,4,10,4,8,16,3,25,13,1,10,8,23,23,25,18,16,15,14,22,21,11,19,9,16
6,4,21,1,18,21,7,2,3,8,6,8,17,17,22,3,21,25,19,18,20,16,15,8,19,7,6,21,1,24,20,22,5,10,20,2,23,15,1,12,9,15,3,2,16,8,17,9,23,3,15,7,21,13,25,6,5,4,20,7;6,19,10,20,21,3,19,10,22,19,12,16,4,18,9,15,1,8,1,21,1,4,11,15,3,15,5,24,11,12,3,2,2,13,12,9,10,20,21,5,20,13,20,5,18,21,10,15,11,16,15,21,20,5,22,3,2,16,20,12
7,22,8,19,3,12,3,19,13,13,14,20,14,12,16,13,11,12,8,6,23,13,18,4,7,12,15,24,2,12,8,3,17,16,2,23,9,12,20,3,3,13,10,18,23,2,24,21,16,9,2,6,21,15,15,18,8,15,9,17;19,10,9,15,15,24,20,25,11,13,6,16,2,14,13,25,20,3,18,21,11,9,12,15,1,21,13,2,5,23,16,2,8,9,21,1,17,1,15,6,9,2,13,8,12,17,18,19,15,18,7,20,1,24,6,9,15,25,25,5
9,18,25,7,6,16,25,2,5,15,3,4,25,15,14,7,6,16,4,10,21,1,11,7,22,17,9,20,2,16,18,4,7,24,12,11,12,18,19,4,25,5,11,19,13,22,6,4,11,5,16,1,23,9,19,5,21,16,9,23;13,12,13,22,4,25,17,19,25,9,8,25,18,6,11,22,11,21,9,17,13,11,17,23,9,23,4,20,18,8,3,18,6,13,23,17,21,1,13,9,9,19,4,22,8,25,6,6,10,7,22,10,9,22,22,14,20,23,20,20
10,11,14,25,15,8,21,19,13,20,11,18,22,10,9,16,21,3,18,23,1,25,14,3,11,23,18,23,4,2,4,10,20,5,19,7,21,14,13,21,19,2,15,8,20,17,13,14,5,11,4,25,22,11,9,17,24,1,24,8;1,3,14,18,22,21,16,9,13,5,5,2,17,5,17,7,3,16,2,17,24,17,19,24,7,4,11,25,10,22,16,18,10,11,8,9,4,7,7,10,1,8,22,24,3,21,12,10,14,11,14,7,16,18,4,19,7,7,25,13
8,3,24,23,9,10,11,19,13,4,12,6,5,24,25,15,3,19,25,14,13,7,4,15,21,5,16,11,2,19,19,18,6,11,23,16,16,25,3,25,12,8,1,14,21,8,18,6,24,21,15,3,22,2,11,4,15,20,4,25;10,5,13,5,17,9,17,16,23,22,18,22,22,10,2,3,24,8,23,20,17,1,14,20,16,11,12,13,8,9,4,23,20,22,2,6,9,17,25,7,5,16,17,16,21,6,16,2,2,2,10,14,21,10,6,3,23,4,13,9
9,22,13,14,21,25,7,10,22,10,20,18,2,19,20,22,18,6,15,25,16,4,6,11,9,10,25,15,3,5,5,24,20,17,6,12,2,21,25,15,5,5,6,4,3,3,25,18,18,2,2,1,23,4,3,16,18,6,20,11;25,21,12,25,10,4,17,6,12,15,14,23,19,8,6,13,18,3,17,20,2,6,16,21,12,17,21,18,24,21,15,20,1,18,12,23,16,21,19,9,20,5,10,19,14,4,22,4,6,5,2,11,3,4,13,8,9,13,16,2
12,17,2,1,22,6,6,18,13,11,11,2,13,22,19,16,15,9,10,6,14,19,24,14,25,15,20,10,3,11,15,25,8,25,15,25,3,25,21,18,3,22,6,4,18,23,9,24,12,23,16,22,25,21,5,3,6,7,19,16;16,23,16,7,2,7,15,2,3,14,16,6,11,23,4,10,9,22,7,16,4,9,23,2,22,21,10,11,12,7,5,13,24,24,12,11,21,23,17,11,20,24,1,8,12,10,10,18,1,19,17,2,9,2,4,13,16,11,11,16
12,11,16,19,9,20,25,10,21,17,19,14,10,17,12,25,3,21,25,16,17,16,2,10,11,21,4,15,3,22,3,4,20,6,23,24,13,21,16,7,21,22,11,19,2,17,16,11,6,4,4,22,25,25,20,15,9,17,10,2;4,14,17,4,20,3,13,15,16,8,10,9,8,21,10,20,1,17,24,15,15,14,24,4,20,25,20,14,6,19,18,11,4,20,23,5,1,3,11,13,9,13,19,11,7,6,18,20,5,21,9,24,17,23,13,20,1,20,16,7
10,5,1,17,2,23,17,10,22,1,21,4,19,6,3,25,11,12,7,8,4,22,17,22,24,3,2,3,3,12,17,14,7,12,2,6,6,10,8,11,14,25,22,23,4,11,19,1,25,14,16,23,24,14,24,4,2,11,15,19;14,17,13,15,15,16,16,24,2,24,24,4,14,1,20,16,22,9,21,16,10,22,20,1,4,10,20,4,4,8,4,16,15,7,18,1,9,12,4,10,16,21,14,2,23,18,20,12,18,14,6,6,21,12,13,1,18,17,4,5
11,23,15,8,12,14,10,2,5,6,3,16,16,1,23,9,25,24,21,18,9,20,20,18,12,8,11,7,2,25,4,20,21,18,9,4,17,4,2,3,7,24,2,13,11,4,3,12,19,20,4,23,24,18,14,16,3,22,4,6;4,7,15,12,8,12,15,12,15,18,20,6,12,24,1,1,16,4,13,16,18,4,21,1,25,16,3,7,21,20,17,14,18,3,2,19,14,18,23,12,5,10,9,5,17,14,1,14,22,16,25,3,4,8,22,8,3,1,9,23
21,11,8,12,3,9,1,4,1,12,8,18,18,24,20,21,14,5,15,19,14,4,5,12,11,25,17,23,22,1,2,5,1,18,18,22,11,13,1,8,13,20,8,7,25,16,21,23,5,22,10,25,14,1,22,10,9,23,24,9;12,15,24,12,20,12,4,6,13,17,20,8,11,1,2,20,21,20,24,7,17,7,16,17,10,13,10,4,19,19,24,5,18,8,6,14,3,24,15,20,1,16,16,7,18,8,3,17,14,16,19,5,5,1,1,19,24,20,23,15
22,6,20,5,12,25,20,21,9,18,16,5,15,18,14,6,4,15,4,4,20,1,9,8,22,7,1,2,24,12,15,11,13,24,25,21,22,9,20,23,7,17,15,23,7,10,3,10,24,3,23,23,14,6,12,22,12,9,15,20;2,6,23,7,14,5,4,19,1,11,14,10,10,25,7,5,13,13,16,7,1,12,17,17,6,19,17,9,11,6,12,5,22,5,17,5,9,5,11,19,15,5,10,10,10,5,9,21,18,18,11,4,11,19,10,1,10,4,2,8
20,24,5,4,6,2,10,21,10,2,18,20,24,8,6,3,10,6,12,21,6,8,24,20,10,15,24,15,24,5,4,19,24,5,5,2,15,21,12,1,24,23,24,2,9,2,6,2,18,13,8,1,13,19,16,11,3,3,20,12;11,11,22,19,9,21,5,3,11,3,4,5,15,4,18,1,8,7,13,8,21,22,15,14,15,3,18,22,9,21,23,10,9,16,12,3,16,13,2,18,20,13,6,1,4,16,13,13,6,9,8,9,15,11,11,7,1,1,16,4
21,17,19,22,18,17,6,13,18,7,25,7,21,4,25,12,25,18,1,6,9,7,2,16,23,20,8,20,23,16,16,1,11,11,12,24,25,17,6,16,18,22,4,17,16,22,13,14,12,19,23,25,12,24,7,23,6,13,11,24;24,2,23,15,2,16,6,16,24,24,23,5,12,3,23,11,2,25,5,8,7,2,14,14,13,9,25,2,3,7,11,7,13,12,21,20,21,19,21,18,9,2,23,4,23,12,20,15,10,13,2,8,23,7,19,14,14,10,20,22
23,12,10,7,21,23,5,21,11,8,17,16,7,6,23,6,20,23,22,12,8,20,18,19,11,23,4,15,24,21,1,1,1,19,21,12,2,23,3,19,16,12,6,17,5,17,22,20,6,15,10,22,14,15,8,10,19,15,10,3;16,4,25,22,18,17,4,12,14,20,25,14,4,18,20,8,19,20,20,4,8,3,21,22,21,12,16,21,16,19,1,25,11,18,21,8,1,21,19,22,9,21,15,18,19,20,7,4,5,2,15,23,6,5,8,19,19,8,14,12
24,6,22,25,6,13,24,13,20,14,25,3,4,25,16,15,11,8,11,23,13,17,23,15,25,5,13,17,25,7,14,5,14,25,4,10,12,19,24,11,9,12,11,7,14,11,4,7,25,21,24,19,16,18,25,22,22,25,1,13;6,17,1,19,11,13,2,2,2,16,22,16,1,16,25,18,13,13,14,3,19,10,23,23,19,17,24,23,8,6,12,23,17,14,6,2,8,1,15,22,1,10,7,21,14,16,15,6,9,4,9,22,11,24,17,24,6,17,18,5
22,25,9,23,24,15,16,13,18,23,1,18,11,15,9,13,17,2,19,15,23,23,12,2,10,13,10,5,23,23,3,15,25,6,8,17,7,6,14,15,2,17,20,13,16,3,9,22,17,6,10,22,13,8,2,9,13,19,6,7;15,22,24,4,7,1,5,9,14,7,10,12,7,23,11,14,6,8,10,7,12,17,19,20,3,25,24,14,5,20,25,3,2,1,2,22,14,10,5,21,5,18,3,13,5,3,17,23,22,22,6,2,18,15,17,6,22,14,7,1
23,19,21,16,9,6,9,4,1,3,9,5,8,9,2,22,7,11,8,2,3,23,15,23,23,18,20,10,24,11,14,20,14,12,14,15,18,2,9,4,20,15,24,3,23,22,16,8,13,12,23,22,15,13,18,23,16,4,19,17;3,13,25,1,25,22,3,22,2,1,6,14,6,21,16,24,25,1,4,4,23,23,20,20,1,6,9,16,22,7,13,25,8,22,12,16,21,14,25,21,20,7,20,15,25,24,1,25,1,23,23,1,23,9,1,12,8,23,11,19
1,14,13,4,12,11,9,11,20,5,23,14,20,13,1,16,4,17,2,8,1,11,6,1,14,23,15,5,25,15,25,22,2,20,25,1,19,6,7,7,16,7,2,3,12,17,23,17,8,8,12,16,17,4,21,8,3,4,19,21;22,15,2,6,14,25,1,18,17,22,8,23,21,11,15,21,17,21,19,2,24,25,25,1,9,8,23,10,10,16,25,18,6,1,12,5,25,16,23,25,20,1,12,4,23,5,11,14,21,13,12,15,6,9,17,17,15,21,6,8
1,7,2,19,22,2,4,2,3,10,6,1,16,7,21,25,17,2,16,19,4,10,11,22,2,4,24,9,24,25,11,1,14,1,7,24,5,2,2,22,11,4,7,18,19,12,7,4,1,14,24,16,17,7,11,20,6,14,10,8;10,6,3,3,7,20,24,8,5,18,2,23,20,10,18,5,11,14,11,2,10,5,1,3,7,14,7,14,4,3,13,16,9,24,21,24,6,23,19,25,9,15,5,7,18,3,19,16,25,16,5,14,12,3,24,24,1,5,9,1
24,24,12,18,15,4,19,4,3,19,7,14,1,22,12,24,24,20,23,10,16,16,25,11,13,11,22,22,24,18,25,11,1,7,11,6,23,15,19,1,2,9,16,22,21,6,10,19,19,24,12,19,16,22,15,9,24,8,15,25;19,8,2,14,5,8,2,15,15,10,16,19,25,15,4,2,4,8,6,3,3,15,22,23,16,23,8,3,24,17,25,21,20,10,17,19,13,5,9,24,15,23,25,24,9,13,21,8,13,7,1,19,19,19,1,6,17,2,23,23
25,20,1,11,2,21,15,21,11,24,15,3,23,16,7,7,14,5,13,21,21,13,3,5,1,16,6,2,25,4,13,16,15,13,17,5,8,11,13,16,23,9,20,13,3,23,17,5,12,5,24,19,15,25,5,21,2,18,5,11;7,24,3,11,23,4,1,5,3,4,12,21,24,13,9,11,23,1,25,3,14,20,23,1,12,2,15,7,18,4,13,21,1,5,2,13,20,12,3,23,5,12,19,1,3,9,5,12,17,11,18,18,24,13,8,11,2,11,2,15
3,15,15,23,5,25,12,2,3,1,7,12,9,19,3,25,11,10,8,2,17,4,21,9,17,21,2,21,1,10,23,18,3,21,3,15,12,15,10,19,18,24,23,12,18,18,1,14,9,1,13,13,17,16,7,8,15,20,5,16;1,1,5,16,12,5,23,1,20,2,14,5,14,3,8,9,15,21,16,1,15,21,5,7,22,7,7,1,6,13,2,12,24,11,2,2,25,13,2,1,5,6,9,15,25,17,17,24,12,23,8,8,7,11,24,18,9,9,22,5
3,9,4,16,15,17,8,19,11,6,14,24,6,14,24,10,24,20,23,12,22,1,24,5,5,2,11,1,25,20,10,22,17,2,11,14,22,12,4,10,14,23,3,3,2,13,8,25,3,7,1,12,19,21,22,20,18,5,21,2;14,17,6,13,5,1,24,14,6,21,10,7,13,1,11,18,9,14,10,23,1,3,6,9,20,12,14,3,23,2,15,11,4,7,12,21,5,18,21,2,20,20,4,18,19,13,23,3,16,2,25,7,12,7,8,23,22,18,2,23
2,1,14,12,8,19,23,19,11,15,16,12,13,3,15,9,7,14,5,4,9,7,14,18,15,9,8,14,25,11,24,7,4,8,13,21,15,23,21,12,5,4,12,9,3,6,13,15,20,17,12,16,18,11,1,9,9,24,25,19;23,20,5,24,1,16,25,21,18,12,24,25,19,8,24,15,3,9,5,2,19,11,2,4,2,20,15,19,21,15,1,16,15,20,8,16,13,2,13,1,1,3,24,10,12,24,2,20,4,18,22,11,19,22,8,4,13,15,13,19
