2,20,3,5,18,8,19,11,20,21,24,1,12,23,10,18,21,23,19,16,14,4,17,14,3,16,17,17,25,24,10,12,16,14,21,19,1,19,15,4,25,1,16,22,11,1,20,2,14,23,1,13,18,14,16,21,12,9,14,4,22,5,20,3,18,17,3,14,9,9;11,10,6,21,19,9,23,11,7,6,18,2,15,4,2,24,21,2,24,1,5,16,4,6,25,1,22,21,14,2,14,14,20,16,17,10,18,7,7,1,15,17,17,13,7,21,8,22,8,21,16,10,25,18,15,11,24,24,18,12,15,6,16,10,8,5,11,7,13,8
23,22,19,1,9,24,1,24,7,18,22,17,6,5,9,17,1,4,17,4,3,25,16,2,9,8,25,16,7,6,7,3,14,7,7,24,11,20,10,3,13,15,13,5,25,4,18,8,17,13,23,2,6,14,14,23,8,8,18,10,10,1,6,4,17,16,16,16,21,18;11,6,2,8,14,15,4,9,12,3,24,17,25,9,21,1,25,24,20,4,9,16,18,5,10,8,23,11,17,23,7,6,17,21,14,20,16,5,12,25,20,24,16,11,1,15,8,20,6,24,22,14,14,21,17,10,17,3,18,22,15,3,1,9,18,7,13,20,15,3
23,16,6,19,19,16,22,16,17,23,5,3,3,2,5,1,14,15,6,14,8,22,19,23,22,13,9,20,6,16,20,9,1,13,13,21,22,16,4,17,6,12,18,20,7,23,25,20,11,19,10,1,8,17,4,10,11,19,8,22,20,8,11,16,9,16,17,19,10,15;1,22,3,3,7,11,2,24,1,22,19,19,24,8,25,11,19,17,14,4,20,23,20,5,6,14,7,16,9,10,20,6,22,17,24,12,22,9,6,24,12,13,8,14,21,11,14,24,10,3,16,11,19,15,24,15,2,13,22,15,8,13,19,19,12,24,25,14,18,5
21,8,18,15,12,18,12,16,15,7,7,17,13,14,21,25,22,7,14,6,18,4,8,10,8,20,7,8,6,9,8,17,13,19,17,5,15,5,21,21,24,17,1,24,9,17,5,10,5,4,21,4,7,7,8,24,2,13,13,14,13,9,19,4,9,18,15,9,20,25;10,25,2,16,3,24,5,6,13,13,7,14,4,15,12,7,14,12,9,5,14,5,16,2,15,21,8,4,6,23,9,11,8,3,18,9,4,19,21,23,16,21,3,6,12,23,17,16,23,19,13,18,1,7,24,21,19,9,9,11,3,5,15,12,6,22,19,5,7,24
22,2,5,8,22,7,8,8,23,12,15,3,9,11,14,9,10,19,3,18,23,3,13,6,21,2,16,13,6,20,21,23,2,25,25,1,1,24,16,13,17,15,6,14,16,9,12,21,23,10,8,4,7,10,23,11,5,23,4,25,23,16,25,16,24,18,14,13,9,21;23,16,3,11,21,20,3,21,1,9,3,15,1,13,16,17,8,4,1,4,25,10,17,2,13,2,15,9,23,11,22,8,13,23,2,1,9,23,17,23,5,10,21,9,6,19,25,18,2,23,5,15,7,1,8,3,4,19,13,4,22,17,7,22,25,14,4,24,11,1
25,22,21,20,25,13,7,16,17,14,6,15,21,12,12,3,7,22,24,24,21,16,4,9,11,6,12,7,8,1,6,24,15,8,9,14,4,5,13,14,15,7,9,16,6,4,19,3,18,6,22,23,9,4,2,23,20,24,4,5,5,10,3,6,9,13,20,6,25,7;15,18,5,18,10,21,1,15,16,5,5,23,18,3,14,14,25,25,19,2,25,13,24,8,23,4,6,2,11,21,9,1,12,5,4,14,14,25,15,25,6,4,13,22,5,2,12,7,22,10,17,7,15,1,24,8,11,16,9,19,13,20,21,2,17,3,6,24,4,11
25,15,10,13,12,5,1,6,25,19,14,1,18,9,8,12,22,9,13,10,24,15,7,5,25,11,21,10,7,11,19,5,2,14,16,10,15,1,7,6,8,4,14,4,15,24,1,15,12,12,10,23,8,6,17,10,21,8,19,15,15,19,9,19,1,13,20,10,12,2;5,9,6,15,3,16,25,5,4,24,1,1,15,1,18,24,17,18,11,2,10,18,23,11,19,10,14,5,5,7,22,24,17,25,14,8,21,7,10,2,20,18,5,25,24,23,18,9,1,14,12,4,20,20,6,15,22,1,13,12,7,6,16,14,10,20,15,20,7,13
24,10,20,10,5,7,16,8,25,3,13,15,25,21,23,10,4,25,20,1,11,21,21,17,10,18,18,23,8,2,7,13,15,20,21,19,8,12,24,9,1,10,22,10,14,18,6,5,6,22,22,1,8,22,21,22,14,4,24,8,8,18,17,4,1,16,17,25,22,12;14,13,5,25,23,6,3,12,14,18,15,21,20,6,5,20,13,12,6,3,5,3,21,5,3,20,15,20,1,22,8,4,3,13,8,6,4,16,25,1,1,1,1,17,15,10,23,1,14,5,8,10,2,11,8,22,13,22,2,8,2,24,11,4,5,16,9,9,22,7
24,3,9,3,15,22,11,24,9,9,23,1,22,18,19,19,17,12,10,12,16,19,1,13,23,25,2,3,7,13,18,19,3,1,3,15,18,8,18,24,20,9,4,1,24,12,13,16,25,3,10,24,7,24,11,11,17,14,13,18,18,2,22,17,17,14,19,3,11,10;2,2,6,22,17,25,1,2,2,12,9,23,19,5,9,5,6,5,25,3,16,8,23,8,1,24,22,23,19,9,21,2,6,9,18,23,9,21,21,1,16,15,20,20,10,6,4,3,18,8,25,8,7,5,15,1,1,7,4,1,20,11,4,16,23,11,19,5,25,9
2,23,24,15,18,3,11,5,25,10,12,11,8,19,17,13,14,15,6,18,12,9,17,16,12,4,23,22,7,19,3,20,16,9,12,3,19,14,15,2,15,1,5,25,13,7,22,25,20,24,24,20,9,16,13,20,4,13,12,23,25,18,25,6,1,11,25,20,2,19;19,4,8,2,8,3,24,22,19,8,11,7,10,19,7,2,23,23,16,24,16,11,2,14,9,3,13,16,7,18,11,20,4,15,18,11,13,22,19,3,16,9,12,8,6,12,16,17,12,23,15,22,15,3,6,6,7,4,25,15,12,14,18,21,15,22,21,5,18,19
2,17,13,8,3,18,6,22,8,15,20,24,5,15,10,22,4,2,20,3,17,6,20,12,25,11,7,2,9,4,16,24,5,15,20,2,5,9,9,17,11,24,9,16,20,25,4,12,13,5,11,19,11,20,3,7,7,24,3,9,10,3,6,19,19,11,24,23,16,16;9,20,9,25,1,24,24,10,5,4,7,7,8,18,10,11,17,18,10,24,1,16,4,16,7,9,21,21,24,5,22,17,10,11,4,5,21,2,14,4,6,23,4,11,1,10,24,19,16,24,7,21,21,24,15,13,18,14,4,8,5,23,10,6,9,15,5,24,21,21
1,11,23,6,22,20,21,22,9,25,22,13,14,3,1,20,11,19,2,20,4,12,10,1,13,18,5,15,7,22,5,9,16,21,24,9,25,22,1,21,4,4,18,20,22,18,9,1,6,15,24,23,10,9,7,21,23,18,8,1,3,1,14,6,19,13,21,13,1,24;18,24,7,10,21,12,25,20,17,20,21,3,14,25,23,8,11,13,5,25,21,23,25,11,16,16,21,9,22,19,10,22,20,21,24,25,1,11,4,2,12,6,25,3,19,19,2,11,4,17,4,1,2,13,15,20,9,10,18,4,25,18,8,24,4,13,25,14,11,15
1,5,12,22,6,11,15,14,17,5,4,24,11,24,22,4,1,6,16,8,9,10,14,20,1,24,14,20,8,8,17,13,3,2,7,7,11,18,21,12,22,2,25,10,4,13,16,13,1,21,12,20,10,13,22,8,1,3,24,13,13,11,20,19,9,11,23,16,13,22;6,15,8,7,15,7,23,8,5,14,17,5,13,21,2,18,4,5,22,24,7,3,1,13,14,22,6,14,14,6,23,22,1,17,8,19,8,18,25,3,1,20,17,6,14,16,10,15,8,19,21,25,8,9,24,2,20,20,22,22,18,2,25,9,22,5,11,8,14,17
4,25,3,10,9,15,14,22,8,6,21,9,23,1,20,23,21,9,12,12,5,25,6,23,15,2,9,14,8,14,2,16,16,10,16,18,12,22,19,13,18,18,1,10,18,8,23,22,21,17,1,16,12,5,25,20,14,4,23,17,18,4,23,8,19,8,2,8,4,6;25,17,10,12,6,10,21,3,20,12,19,14,3,13,25,15,21,24,13,22,7,6,8,19,22,24,20,8,4,17,11,13,24,23,8,8,13,19,23,5,1,14,9,20,10,24,22,2,3,8,11,14,16,7,13,7,2,17,17,12,10,5,14,13,14,19,11,8,5,2
5,18,15,2,21,7,10,14,17,12,4,20,20,20,13,7,11,21,1,24,10,22,8,19,3,9,18,19,8,25,15,20,6,16,23,16,23,18,14,5,13,16,5,25,2,2,5,8,15,23,13,14,11,7,16,7,17,15,14,2,5,12,3,21,11,8,4,11,18,3;13,6,11,9,24,4,21,18,8,6,13,16,2,11,5,24,15,19,7,22,17,11,7,20,20,5,4,10,21,4,23,13,5,19,18,2,18,24,17,7,16,3,1,22,4,20,3,6,7,12,3,14,21,1,22,14,12,2,20,5,4,17,7,23,8,11,22,4,8,4
3,10,2,1,15,9,25,14,17,21,3,11,4,10,6,6,17,12,9,16,22,3,23,8,13,16,16,7,8,15,4,5,17,22,2,23,16,5,4,9,4,21,16,6,2,19,10,23,7,8,24,17,11,23,18,21,10,9,19,19,21,12,12,8,11,9,1,1,3,11;22,11,10,20,19,19,22,25,18,23,3,9,7,16,16,21,9,11,2,23,12,21,5,17,4,13,5,1,18,17,10,17,15,7,14,22,1,8,8,4,20,11,22,14,20,6,6,23,20,3,24,18,3,18,22,20,4,23,9,1,24,10,5,16,2,9,17,20,23,23
4,4,14,17,25,1,21,5,25,1,13,22,1,6,24,13,8,24,23,1,2,2,3,4,1,22,25,10,9,1,14,9,4,3,8,21,1,1,25,24,24,21,21,21,11,13,17,10,2,14,11,17,12,2,10,8,11,19,8,6,8,20,17,21,1,9,3,5,17,9;10,1,9,17,12,15,23,13,6,17,23,12,4,15,21,5,3,6,21,23,23,1,6,19,25,18,12,3,10,6,23,15,19,2,24,16,8,13,2,6,12,25,16,17,15,2,14,25,24,5,18,17,8,14,6,25,16,8,13,19,17,21,22,3,21,1,1,14,1,25
14,18,7,21,15,18,10,8,21,7,18,25,2,2,21,3,22,5,17,25,7,10,13,21,1,14,7,2,5,4,14,21,9,3,18,15,20,10,24,4,3,16,2,13,25,24,10,21,14,16,18,19,1,10,18,3,17,21,3,10,5,11,14,22,22,3,25,13,12,18;20,9,18,17,24,13,12,8,4,16,22,15,3,16,22,23,8,22,4,14,20,4,1,7,10,18,19,1,9,5,5,7,19,7,2,8,20,20,21,14,5,4,23,19,16,22,13,3,17,5,13,20,10,6,10,13,10,24,2,11,23,5,15,11,22,25,1,25,10,23
14,12,19,14,25,10,5,25,5,13,1,12,24,24,15,10,10,15,6,12,10,7,16,17,14,19,16,5,4,15,2,25,21,9,1,13,6,6,18,21,23,14,9,4,7,18,17,8,7,22,5,17,25,13,8,15,20,6,19,20,18,21,20,12,15,3,2,16,24,15;8,25,20,14,18,8,11,23,17,10,18,15,2,13,3,7,1,17,23,14,6,10,2,10,6,24,1,5,3,16,18,4,22,5,12,2,1,25,15,14,20,18,18,22,10,18,22,5,21,9,5,17,17,25,19,18,23,11,7,4,17,17,7,21,15,18,10,21,14,25
13,6,6,12,18,12,20,25,5,22,2,2,7,13,7,10,18,8,14,4,22,13,5,6,24,1,13,20,4,8,16,10,9,13,5,20,24,18,10,24,16,19,18,10,9,12,22,22,25,7,18,20,24,3,10,4,11,25,24,14,8,19,3,22,12,3,22,4,9,25;17,5,16,24,13,24,14,5,3,1,7,11,7,20,13,4,20,9,18,15,1,19,23,5,15,6,2,19,23,6,6,9,8,15,8,22,8,9,8,13,1,1,13,13,1,5,24,22,9,25,3,23,22,16,20,1,12,5,20,25,12,10,5,14,10,16,5,12,3,19
13,25,18,5,5,4,14,16,13,2,10,14,6,8,1,19,6,18,3,14,2,13,8,25,12,8,22,22,3,18,1,14,22,19,11,18,10,14,4,14,10,17,23,25,16,6,4,9,20,13,5,19,1,8,25,16,14,11,15,24,20,4,9,10,5,3,24,9,23,21;7,19,17,22,6,17,12,18,16,22,1,13,6,18,19,13,14,4,12,14,9,24,25,7,13,12,10,23,17,18,17,9,13,11,18,16,13,14,2,14,16,15,6,16,21,1,7,1,13,1,21,21,4,10,4,6,25,14,25,18,5,21,22,1,3,8,16,6,6,21
16,20,9,15,6,8,13,25,7,4,1,23,15,9,24,13,3,23,24,20,24,1,1,3,3,12,18,17,4,24,13,17,10,4,22,4,11,20,1,17,6,9,23,25,5,2,13,18,15,9,19,14,3,24,4,25,2,12,14,3,25,22,12,24,15,25,5,1,13,5;24,21,21,2,20,20,10,14,7,19,3,22,21,8,15,13,6,23,3,11,11,2,6,13,21,16,1,17,5,4,6,25,11,17,18,5,18,15,25,17,16,9,22,5,17,7,19,13,8,16,8,12,10,10,19,11,7,14,20,7,22,24,11,3,20,20,16,5,24,6
16,14,23,8,18,24,9,16,15,9,9,9,12,6,20,22,18,8,11,6,4,25,4,24,16,19,2,22,5,10,24,21,24,10,5,2,21,14,20,7,1,8,5,15,15,19,20,4,9,15,7,13,3,2,19,14,5,22,5,15,12,5,17,12,7,23,4,4,2,2;12,12,20,24,14,16,10,4,20,12,24,24,20,6,21,22,24,16,20,10,22,7,6,15,19,20,8,19,22,16,19,25,17,13,2,24,25,22,19,16,5,23,15,8,12,5,1,17,12,19,2,9,18,4,1,18,17,24,22,25,15,11,4,15,14,14,2,25,3,8
15,6,8,7,12,1,24,16,15,18,10,25,21,18,10,19,25,1,21,22,15,6,18,13,2,1,25,9,5,1,13,6,10,16,9,9,17,2,12,10,17,12,14,19,16,13,23,19,1,25,18,16,2,17,23,1,21,17,10,7,3,5,25,24,5,1,1,19,12,12;23,16,19,9,11,4,11,11,6,6,13,17,25,11,6,19,18,10,17,11,16,15,4,10,3,5,9,10,19,3,6,4,3,1,23,19,8,4,9,15,12,6,10,24,3,14,3,9,25,10,24,16,23,21,3,25,8,20,11,22,10,3,1,8,8,10,22,15,17,2
15,24,20,24,21,16,20,8,23,23,18,11,18,15,6,3,15,11,10,8,20,3,21,9,15,6,9,14,4,13,1,10,22,22,14,8,25,24,7,25,12,11,19,9,23,7,5,6,20,6,5,16,1,20,13,13,24,2,23,18,15,13,6,12,22,25,3,23,24,10;11,7,20,6,4,25,11,1,19,25,9,20,22,9,12,3,12,3,9,11,25,22,5,13,1,11,18,12,11,15,18,2,6,22,8,13,13,11,6,15,1,20,3,2,23,11,11,11,4,14,16,13,5,15,10,6,19,5,15,14,3,13,19,18,2,2,6,11,21,4
18,19,12,12,24,22,19,16,15,25,8,21,4,16,2,22,10,17,4,14,17,18,14,13,6,10,4,9,5,17,11,13,12,5,25,19,3,2,3,3,8,3,21,9,13,2,14,15,14,2,19,10,4,11,15,25,12,3,23,23,20,6,9,2,7,23,7,14,15,19;3,9,24,13,18,3,7,22,8,21,11,3,15,1,8,1,4,23,25,9,2,22,10,19,9,13,7,6,24,1,6,20,6,3,8,1,17,13,4,19,1,14,19,16,21,19,23,25,24,3,6,4,11,13,1,11,1,2,11,4,20,18,8,22,19,16,8,11,11,14
19,13,1,3,9,12,13,8,23,5,15,7,1,13,22,6,25,1,18,1,22,16,17,7,19,17,13,13,6,3,23,17,25,11,8,17,14,24,25,20,3,1,1,24,20,22,21,1,10,8,7,10,5,16,7,12,15,13,14,9,7,15,17,14,24,21,9,18,4,16;16,23,23,9,11,21,7,10,22,17,5,6,12,23,14,10,23,16,19,9,13,3,11,19,7,19,17,10,18,13,19,18,10,23,18,18,25,17,23,19,16,3,12,19,15,15,7,2,3,5,23,2,18,9,10,16,12,12,15,22,14,2,25,8,12,8,18,5,15,16
17,7,11,1,3,14,5,8,23,14,17,21,11,25,13,4,7,20,25,16,9,22,7,20,4,24,11,1,4,21,12,2,11,17,10,24,7,10,15,22,19,6,10,5,22,13,1,16,2,18,19,13,2,6,9,1,8,8,19,1,23,14,23,25,22,23,6,8,14,24;2,2,21,21,7,11,8,17,9,8,20,24,17,5,24,7,18,10,14,10,7,12,7,16,16,1,18,24,16,3,7,22,20,9,14,16,5,1,13,18,20,11,7,11,7,1,9,19,16,21,20,8,23,25,10,23,3,8,2,18,9,20,23,25,7,6,12,21,4,10
18,1,25,19,15,6,23,25,7,20,25,9,7,22,8,13,22,5,14,4,12,19,11,17,18,4,20,4,5,7,25,6,23,23,18,22,18,6,9,13,15,3,14,19,4,8,8,3,21,24,7,11,4,9,24,13,11,18,9,11,10,23,3,14,15,23,7,11,3,22;15,18,23,16,25,7,9,7,20,2,15,1,16,3,5,16,10,3,8,9,16,17,8,16,14,7,25,3,7,15,20,20,1,5,23,7,12,6,10,18,12,25,2,13,1,22,15,21,20,25,12,5,6,19,17,5,15,18,6,11,2,6,16,12,25,24,21,15,8,12
20,21,16,6,16,10,23,8,23,21,16,19,17,23,7,7,19,10,10,10,10,9,2,20,6,10,14,1,6,12,10,7,13,6,4,10,21,12,8,16,10,20,17,20,18,3,15,11,16,20,21,7,6,25,3,25,23,17,9,17,15,15,8,2,24,18,11,3,19,6;7,20,1,23,16,8,4,3,11,1,17,10,6,18,3,13,2,24,24,6,18,20,15,24,22,9,16,22,21,24,8,13,24,11,24,23,17,8,8,22,12,19,16,25,24,5,2,10,15,14,1,22,13,17,8,10,20,15,2,25,19,10,5,15,20,12,23,15,25,20
21,14,3,24,2,1,18,24,7,2,24,5,16,20,25,16,7,20,25,20,15,6,5,14,19,15,23,3,5,23,20,13,25,12,9,6,4,8,2,6,4,18,22,11,2,22,24,23,11,1,8,5,6,5,18,12,1,2,25,2,25,24,14,16,17,18,13,6,6,3;20,11,1,18,9,4,5,16,25,19,13,12,5,16,7,23,21,17,16,5,4,25,14,25,20,15,23,25,12,11,21,11,4,7,8,15,22,14,2,22,1,8,11,3,17,2,11,12,19,15,19,19,19,13,17,17,8,25,6,18,10,21,22,2,13,5,8,11,4,22
19,9,13,21,21,3,8,24,7,11,23,19,23,7,18,16,13,13,7,12,2,13,20,3,5,22,21,16,5,14,9,21,12,18,14,15,25,20,19,10,22,23,6,15,2,14,2,13,4,11,21,8,5,18,22,24,17,22,4,19,18,23,22,2,15,21,10,21,18,11;6,14,24,6,5,17,6,25,10,11,1,8,10,21,19,20,16,11,11,8,23,10,12,21,4,25,24,15,10,25,7,16,15,19,2,12,5,24,17,21,5,16,6,20,10,11,13,4,7,9,15,1,24,2,17,23,24,21,18,15,7,14,18,20,6,1,2,24,18,16
20,2,2,14,6,20,2,16,15,16,8,7,20,4,11,23,4,23,21,22,5,12,25,24,18,2,5,21,7,25,22,2,24,24,21,12,10,16,13,25,15,23,10,5,11,9,9,25,22,17,8,7,4,23,12,11,20,7,18,6,3,7,3,14,7,20,10,24,5,9;19,4,25,1,23,12,6,13,23,5,22,8,9,20,23,4,8,4,5,8,7,15,14,22,25,6,9,18,4,12,20,15,19,15,14,4,10,3,13,20,20,5,24,22,5,7,21,8,11,10,9,23,6,23,1,5,10,6,22,8,25,25,12,5,24,18,14,21,22,18
24,1,22,18,23,24,12,16,13,3,9,21,17,24,22,1,22,5,4,4,9,8,19,9,22,18,6,17,18,13,3,20,25,18,3,25,24,21,1,1,23,17,6,8,22,16,13,2,9,7,16,22,19,6,1,7,25,22,17,3,6,16,11,1,11,23,17,20,24,16;9,2,14,18,12,21,3,17,17,12,3,25,3,10,2,22,15,4,1,9,12,6,25,13,8,5,5,13,15,3,16,2,19,23,16,23,20,11,23,10,5,24,14,7,15,1,1,21,5,22,18,21,23,9,25,6,13,11,10,1,3,3,5,12,1,6,3,2,21,24
25,20,11,9,8,15,6,8,21,8,16,7,14,18,17,10,12,17,18,15,14,5,21,5,10,24,16,20,19,24,16,24,12,25,10,21,9,18,20,16,16,16,11,23,4,10,19,14,4,13,3,22,21,9,16,19,3,7,6,15,18,1,17,13,3,23,19,24,11,11;22,18,13,14,6,17,3,7,4,8,24,2,2,8,7,7,7,24,18,8,21,11,1,13,3,9,12,18,7,15,2,2,22,19,25,15,25,17,17,12,22,13,6,10,9,23,10,25,9,1,10,20,3,3,7,13,23,20,14,19,22,14,22,24,19,1,14,21,24,1
23,12,21,7,1,18,23,8,21,17,18,21,23,8,8,8,19,8,1,6,25,12,11,17,22,6,13,8,19,17,5,9,24,5,14,5,2,6,12,20,9,21,20,2,6,2,25,6,22,25,16,25,20,24,18,6,19,1,11,7,8,24,25,24,1,1,16,14,22,22;6,22,11,24,3,5,4,14,16,25,13,20,7,13,18,3,3,17,13,9,15,19,22,10,13,18,13,6,4,4,16,7,10,6,20,12,8,2,10,9,1,22,2,2,2,7,12,17,22,17,7,25,10,19,7,19,15,17,1,15,17,7,20,17,14,21,9,11,14,20
24,6,10,25,13,9,17,25,4,23,1,7,20,2,3,17,9,18,15,17,3,11,16,13,10,13,22,12,18,3,15,14,11,12,22,2,13,2,7,9,3,19,25,18,13,21,6,17,15,4,4,22,20,2,10,18,22,11,1,18,21,7,6,11,19,23,16,17,11,19;21,13,12,21,21,1,5,4,4,18,7,23,6,11,21,13,21,11,7,9,1,1,24,12,10,24,22,11,23,16,4,4,13,2,6,4,15,6,4,11,16,10,21,5,22,3,20,19,1,21,24,24,15,13,16,1,25,1,5,8,10,17,12,2,7,14,18,6,17,22
2,1,24,12,14,13,16,8,23,24,15,19,7,5,2,11,6,23,11,23,2,24,7,16,24,16,18,7,19,6,25,16,1,19,6,14,16,6,5,12,23,11,2,17,3,17,16,24,10,25,18,19,22,20,12,5,9,11,1,23,1,25,9,1,3,21,22,11,1,3;13,15,14,3,10,4,25,23,18,15,9,7,21,3,20,10,13,5,23,7,3,2,3,18,19,1,11,4,11,25,16,22,12,8,6,18,20,8,2,13,16,4,11,18,18,11,7,8,21,10,14,13,23,13,7,6,7,24,1,23,2,22,2,6,24,3,20,5,10,7
2,19,14,5,1,5,12,24,6,4,23,5,3,25,20,20,19,10,25,10,7,21,10,12,12,22,2,12,20,17,13,20,13,1,14,11,2,2,25,4,19,8,7,8,12,11,22,11,6,6,5,16,21,23,2,17,12,21,17,9,13,10,14,13,21,21,23,14,15,25;1,4,16,23,3,24,1,12,7,11,5,9,20,25,25,20,7,23,17,5,12,7,5,19,16,7,21,7,3,12,4,20,17,4,16,12,25,13,21,15,5,18,5,21,13,7,14,10,25,12,6,12,3,7,14,11,20,8,5,16,20,6,19,17,18,20,4,2,13,9
25,14,23,2,20,7,2,25,4,13,24,19,11,14,13,19,25,2,8,25,17,5,24,24,23,6,25,25,18,10,2,5,24,6,18,20,20,14,17,8,12,14,16,12,14,3,1,1,23,16,16,19,21,13,6,6,6,17,22,1,3,8,22,1,21,23,19,4,25,9;12,9,14,11,24,13,2,20,17,2,18,4,1,6,11,16,1,17,12,8,6,16,3,15,1,14,21,20,25,2,15,25,3,14,10,9,7,22,14,12,12,2,1,13,4,19,16,2,13,3,2,17,10,24,16,20,9,5,17,12,15,24,17,9,12,18,24,17,3,3
1,7,12,19,4,22,20,16,13,19,7,5,8,9,6,1,15,14,22,12,22,2,4,20,11,11,9,4,19,21,15,10,14,13,25,16,6,10,11,23,5,11,20,2,21,22,9,12,16,22,3,19,22,16,21,18,9,25,10,11,16,18,3,13,11,21,20,7,12,6;25,25,15,6,17,8,2,10,5,21,15,4,22,5,16,1,20,12,4,7,17,21,4,16,23,20,4,25,17,14,3,23,8,10,22,1,13,4,8,13,1,15,18,16,24,15,24,4,17,6,21,16,16,17,23,24,22,14,21,5,8,10,9,21,6,10,8,11,6,5
4,2,4,7,7,3,20,22,6,20,23,14,19,12,4,20,12,17,18,19,20,15,20,23,2,14,4,24,20,1,24,10,2,20,10,4,7,16,8,1,1,3,23,4,10,17,17,21,11,18,17,15,22,8,25,5,21,2,12,17,21,11,6,3,21,18,1,24,3,15;16,2,17,13,8,9,25,5,21,19,17,13,15,20,13,23,11,5,22,4,19,24,9,24,7,23,20,19,5,25,18,16,6,16,22,15,17,5,6,16,1,9,10,5,22,23,11,18,12,21,9,6,24,16,14,4,4,14,17,19,25,13,23,24,23,24,10,11,24,15
4,21,16,25,17,17,15,14,15,1,6,3,16,7,25,4,1,4,7,4,23,14,23,19,15,22,13,2,19,12,12,16,14,2,17,2,17,10,2,16,21,3,3,17,17,12,23,8,5,24,5,13,24,12,15,17,24,12,1,2,6,18,11,16,13,18,1,2,17,12;4,17,18,8,1,5,23,18,10,13,11,15,12,18,18,7,5,23,14,3,2,4,10,24,4,4,2,23,24,12,6,13,10,12,6,9,24,10,25,17,16,23,2,7,16,19,18,20,16,22,3,5,4,11,23,11,14,23,21,12,19,25,16,11,16,16,20,5,3,17
3,15,3,21,11,19,5,14,15,10,8,16,25,21,15,4,9,20,14,21,10,20,13,8,25,4,11,16,19,5,1,24,25,7,21,9,10,23,19,19,12,6,12,23,19,5,4,22,24,9,17,16,23,25,17,4,15,6,5,19,23,19,20,3,13,19,23,17,2,23;16,20,17,21,22,20,1,2,20,5,1,11,17,23,4,4,24,18,9,4,22,14,6,21,14,13,3,11,22,24,17,18,20,25,1,4,7,19,17,14,22,7,23,24,8,4,22,12,4,15,25,9,11,1,23,18,5,20,10,8,14,18,11,4,11,12,14,21,17,11
3,9,15,14,23,11,1,6,23,15,16,3,22,16,9,13,22,7,4,6,15,18,17,2,14,9,20,19,21,16,12,6,14,14,2,5,21,20,13,9,7,6,18,13,1,23,10,9,18,15,5,16,23,5,7,18,18,16,21,6,11,1,25,16,3,18,25,21,16,18;4,11,18,16,15,14,24,15,8,23,20,13,16,21,9,13,18,11,3,4,8,19,7,21,11,19,10,16,14,11,5,18,1,21,10,23,12,24,12,16,12,20,15,2,2,2,3,16,8,17,17,8,16,22,7,25,16,4,12,1,7,2,6,14,4,5,1,17,20,13
6,4,6,1,24,17,25,14,15,17,5,12,9,19,7,7,19,10,24,12,13,8,8,5,4,14,16,14,21,20,24,6,2,21,13,18,24,24,10,12,3,22,19,13,15,18,20,18,13,11,19,10,25,22,11,3,6,18,21,10,16,20,3,5,13,16,4,12,7,2;20,13,20,23,6,17,22,11,23,22,22,20,6,11,6,11,10,6,18,2,10,20,12,2,20,21,2,10,2,22,18,9,24,2,10,11,17,25,10,18,12,14,7,16,23,8,15,3,3,6,5,23,24,20,20,5,23,2,8,16,24,7,20,18,24,18,25,17,11,21
6,22,21,19,10,7,19,6,23,22,13,1,5,14,3,14,9,22,14,23,16,5,11,1,17,20,25,19,20,5,9,12,17,3,21,17,10,20,5,2,23,20,24,3,24,12,1,4,6,17,6,9,24,24,1,15,9,3,11,22,1,4,9,18,5,14,5,16,19,24;10,4,21,20,24,12,20,1,11,16,19,22,5,10,11,20,3,24,12,2,18,25,13,5,17,2,11,12,18,9,5,9,5,23,22,5,24,7,4,20,1,3,1,18,18,4,23,7,7,10,24,22,5,14,4,9,9,12,12,9,17,17,12,3,17,11,12,11,15,23
5,15,5,16,4,9,11,6,23,6,14,14,13,3,18,14,16,14,21,15,3,11,1,15,3,2,22,6,20,23,23,20,3,8,25,24,3,6,22,5,14,25,7,7,1,6,5,19,25,2,19,13,23,15,5,4,25,22,16,14,18,3,17,3,5,16,2,6,6,9;19,6,19,5,20,25,23,8,21,7,7,18,11,16,22,17,24,18,8,3,13,9,11,2,2,9,10,1,16,24,17,13,15,8,16,1,4,14,21,17,6,12,22,10,11,15,1,24,20,1,20,2,11,5,5,18,25,8,1,5,12,9,8,21,10,9,6,1,6,19
5,10,17,8,14,1,5,22,6,11,22,1,12,23,14,23,4,1,10,2,8,8,6,11,16,7,7,11,20,9,11,2,15,15,5,22,14,2,16,22,10,23,14,23,8,1,11,6,19,8,7,12,25,19,20,16,3,7,5,25,3,10,23,16,21,16,4,9,18,7;7,22,21,3,13,21,22,21,9,3,3,20,9,15,2,1,16,11,25,2,24,15,11,2,22,15,19,5,10,10,5,11,21,4,1,19,12,21,16,19,22,1,14,13,4,12,9,1,24,5,13,1,17,1,13,23,12,18,3,23,5,21,25,6,3,1,16,20,8,21
16,23,10,13,4,20,19,25,3,18,4,4,13,21,9,10,18,4,4,25,13,18,16,3,15,24,13,2,15,12,11,11,20,14,16,15,8,11,17,2,13,18,21,17,22,11,5,17,5,12,11,12,13,2,3,10,9,9,3,3,3,4,20,19,16,10,2,17,13,16;18,7,3,2,25,21,11,16,7,25,1,21,8,15,3,21,21,2,10,17,21,18,7,17,8,15,24,3,9,9,12,2,19,11,4,12,24,1,8,2,16,4,23,15,4,6,9,4,16,3,9,3,18,19,18,11,6,9,19,15,12,7,20,16,4,25,15,6,16,19
