21,12,1,25,18,7,22,23,7,5,21,8,2,12,13,21,14,9,6,3,11,25,2,11,2,17,22,7,8,24,5,9,12,23,2,5,11,6,5,20,10,24,4,13,13,9,10,16,1,14,25,14,2,18,14,22,22,5,14,12,6,1,17,17,20,15,2,14,17,25,24,1,20,8,20,8,25,25,20,8,11,24,17,4,18,17,20,24,7,9;8,14,15,2,24,6,7,19,25,20,12,23,1,23,13,5,25,6,19,10,7,14,17,24,19,5,20,10,15,25,20,21,16,15,19,15,5,15,24,14,8,16,10,12,21,3,4,24,22,10,2,6,19,9,13,19,21,23,5,18,5,15,22,7,22,6,20,23,13,13,9,18,13,16,3,10,13,18,15,3,23,14,18,7,5,24,1,11,19,3
19,6,10,23,11,9,12,23,7,14,23,24,9,2,3,21,20,2,13,20,23,6,17,25,12,25,22,22,8,17,19,19,23,3,6,14,5,17,22,23,1,3,12,17,15,2,14,6,18,1,11,17,1,9,19,11,13,24,19,4,24,24,25,5,20,15,24,4,4,10,11,5,10,12,4,10,23,16,24,1,8,5,10,3,23,3,5,7,16,25;17,17,14,12,22,19,7,1,10,11,1,19,6,5,24,2,19,24,16,11,2,24,13,19,1,12,21,23,12,14,6,25,3,1,13,10,13,23,14,11,12,25,6,4,12,12,9,16,10,1,23,13,24,23,13,3,12,20,16,14,25,7,17,24,16,2,14,11,2,7,9,5,21,18,7,11,14,7,25,7,16,6,1,13,20,23,23,18,8,19
20,25,22,16,23,24,7,15,15,19,6,10,6,21,24,5,8,12,2,5,3,4,19,19,1,5,6,24,7,2,4,24,10,10,14,11,15,13,17,15,21,2,19,7,22,20,20,18,12,7,25,17,3,11,9,23,16,10,8,14,9,9,6,17,12,15,1,7,16,8,8,20,21,2,10,18,6,12,15,20,24,3,5,13,23,8,19,11,20,19;5,8,15,9,15,15,8,16,24,5,22,21,3,3,4,11,13,19,8,11,13,4,15,21,24,18,3,3,4,1,19,25,7,24,24,4,20,4,8,13,2,14,25,7,7,10,15,18,14,5,18,10,6,19,22,7,25,4,21,7,19,17,10,10,10,22,1,8,6,9,1,17,11,18,7,10,6,4,6,14,2,1,22,19,23,24,15,7,20,23
23,20,14,2,1,5,7,23,7,21,22,19,17,23,22,24,5,17,23,11,24,19,13,22,16,10,24,19,7,8,16,24,25,17,23,24,16,17,13,16,17,19,20,7,11,15,5,1,7,3,12,11,5,5,10,8,3,9,9,20,14,25,9,7,22,13,5,24,7,17,13,25,2,2,14,6,3,6,16,13,15,19,21,8,13,6,11,18,1,15;24,10,19,14,4,16,4,10,15,3,24,5,20,18,3,9,5,12,24,7,15,7,21,2,9,22,20,21,17,12,7,16,5,3,24,17,24,6,7,15,2,8,15,21,5,16,2,7,9,19,5,2,14,17,13,12,5,4,16,22,10,20,24,14,2,8,25,7,23,19,12,7,4,13,24,10,10,3,6,24,3,21,9,25,16,23,3,4,6,12
23,13,3,19,11,19,25,14,15,1,5,6,14,19,15,8,20,2,12,22,4,16,15,18,4,15,8,24,9,19,2,5,13,23,5,20,2,13,8,8,12,17,24,22,18,9,11,13,25,7,2,11,5,7,25,22,6,19,23,5,1,10,14,20,12,10,6,2,21,14,11,15,15,17,18,14,13,25,7,6,6,16,16,17,13,11,25,24,5,9;12,1,18,11,22,11,4,25,3,22,20,5,17,16,6,18,23,5,18,7,23,12,21,3,5,1,2,1,9,24,20,16,11,24,9,11,4,10,3,17,19,21,9,23,22,15,10,9,13,23,24,24,19,11,20,19,18,13,21,15,4,6,18,24,20,1,12,2,2,19,5,21,18,12,24,9,25,25,12,6,14,16,7,6,19,24,22,18,18,15
22,5,13,18,5,21,15,15,15,10,4,20,24,9,6,5,2,21,20,14,16,22,5,7,15,23,6,11,9,10,16,13,24,4,9,4,22,2,25,12,3,22,8,3,20,3,17,3,20,19,12,14,4,23,5,9,25,13,3,22,17,8,23,5,12,13,3,17,6,22,22,19,6,21,2,16,10,19,11,25,3,22,10,14,18,22,10,5,13,2;21,3,16,22,17,1,5,7,13,14,8,25,23,21,19,15,19,24,13,10,18,19,19,24,14,11,3,14,6,11,8,21,21,11,3,7,12,20,18,14,23,5,5,15,15,24,13,1,1,14,21,5,1,3,22,1,9,8,7,11,24,24,14,17,15,24,6,17,16,15,2,7,2,15,3,10,3,14,20,10,7,8,16,13,9,23,18,25,6,7
22,24,2,11,14,13,11,6,24,16,12,8,21,3,1,15,17,6,9,24,19,21,8,3,3,3,15,16,8,21,3,20,11,10,17,25,8,21,19,1,24,20,15,16,2,22,23,15,13,23,25,11,4,25,20,21,2,24,19,7,4,18,3,17,5,13,5,20,20,20,18,9,16,11,8,23,20,12,25,18,21,21,3,23,16,3,24,11,20,21;9,19,18,19,11,20,5,22,2,8,3,3,22,20,22,24,11,17,7,7,4,2,20,25,12,17,10,19,25,25,19,18,2,7,13,1,17,24,12,15,12,19,22,18,10,20,21,3,5,16,13,2,7,23,4,8,19,19,12,4,17,10,7,4,9,16,16,11,20,17,20,21,16,14,25,9,18,9,1,17,18,1,11,19,12,24,10,15,18,8
25,19,18,23,17,17,10,14,17,17,3,17,7,5,25,8,12,11,3,5,17,9,1,6,19,8,11,11,9,1,13,20,1,18,1,13,9,2,18,4,19,12,16,18,16,18,6,23,8,21,14,8,6,17,23,8,15,25,18,13,9,11,8,7,14,8,9,12,8,4,24,13,23,11,11,12,17,7,3,11,12,12,21,18,8,25,16,18,23,17;3,21,19,24,2,23,3,18,16,6,5,11,12,9,21,22,3,13,23,5,6,2,25,8,20,19,1,13,13,10,8,11,25,13,15,14,24,1,10,18,13,13,14,7,6,3,6,17,25,5,3,19,14,22,20,13,1,17,7,18,7,14,21,6,3,5,18,11,11,25,8,11,10,12,20,8,21,11,1,3,21,24,23,1,5,24,23,13,2,24
25,13,6,14,2,9,6,6,1,23,11,4,4,1,18,18,2,21,17,18,22,7,4,25,7,14,20,16,10,12,1,1,13,24,9,11,19,23,12,19,13,9,20,8,25,10,12,10,2,25,1,5,5,21,13,19,18,10,9,23,21,19,14,20,5,8,11,15,22,1,20,4,9,1,15,19,25,1,17,6,3,11,14,2,6,4,5,25,5,11;16,12,21,21,20,19,1,6,4,25,1,14,11,8,24,6,21,6,15,5,14,7,1,8,18,25,9,15,5,21,21,9,3,9,24,6,4,8,5,17,2,1,6,8,1,24,14,19,4,9,20,16,20,15,4,17,12,1,12,11,25,25,13,18,21,22,2,7,14,2,25,25,24,11,17,9,13,5,7,10,7,17,21,7,9,25,15,2,15,1
24,7,15,12,21,11,21,6,24,7,13,17,11,14,11,15,9,14,25,7,7,13,18,14,18,21,18,3,8,5,15,9,25,5,13,18,13,10,2,23,6,14,6,12,2,4,18,25,21,12,14,8,4,10,18,9,9,5,14,15,12,19,20,7,5,10,8,5,7,9,6,6,1,5,24,21,22,19,21,23,25,15,9,1,11,15,14,5,11,2;25,16,19,7,15,7,2,15,14,16,14,7,16,15,12,3,17,25,10,6,9,17,22,5,2,7,9,3,3,11,8,14,16,19,19,3,12,17,22,16,8,10,2,1,17,11,17,11,17,25,16,23,2,7,4,1,3,23,25,7,22,18,11,11,16,20,22,23,5,21,22,10,8,12,21,10,15,20,15,13,25,9,3,12,23,24,14,9,5,17
24,25,4,5,8,3,15,23,7,12,21,6,8,10,4,24,24,24,14,20,12,12,21,10,6,3,2,6,9,16,3,16,14,11,19,15,23,6,23,13,1,14,11,3,9,23,24,11,15,16,1,8,6,14,8,21,12,15,2,3,24,2,1,20,22,10,7,9,21,7,4,21,12,21,5,4,7,13,12,18,18,13,3,11,9,20,1,12,17,23;15,5,20,4,9,2,3,3,3,12,10,9,15,13,15,12,9,18,4,6,20,22,23,5,25,13,19,8,20,23,21,12,19,17,3,20,17,21,16,16,23,24,19,4,12,7,25,15,21,3,9,20,7,1,13,6,14,7,3,25,13,2,3,21,9,12,6,17,9,23,15,22,20,13,20,9,7,16,21,21,10,4,1,20,1,25,6,22,15,21
17,10,8,2,17,23,23,22,15,12,16,6,24,2,19,18,7,24,3,4,9,3,7,7,19,1,6,15,22,9,22,5,8,21,15,23,2,16,8,9,7,3,8,23,9,19,8,20,15,4,13,20,18,14,6,23,9,20,25,5,19,2,14,15,9,21,11,3,15,2,5,1,1,9,14,10,11,20,14,15,9,11,23,5,24,15,13,6,25,23;20,16,24,3,13,20,2,10,4,23,12,19,13,10,2,11,10,5,5,17,4,25,1,2,17,20,4,7,19,7,11,18,17,13,6,9,3,8,25,11,14,23,19,23,8,10,23,17,8,5,13,14,13,9,19,16,4,1,18,10,25,2,12,22,17,8,20,24,21,17,4,6,16,20,3,6,25,9,11,18,14,12,25,18,10,3,19,21,11,11
18,4,22,18,1,14,19,13,24,17,24,17,21,21,14,2,22,11,18,16,14,25,10,1,7,6,16,18,21,20,7,9,20,3,23,19,10,12,3,24,2,2,13,14,16,14,14,7,11,10,3,17,19,19,22,10,10,4,16,15,6,12,19,3,1,18,11,9,2,25,25,17,14,24,18,18,19,14,3,10,3,10,19,14,22,18,2,13,4,17;8,7,25,25,6,14,1,25,17,17,6,22,12,9,5,21,4,25,24,15,14,5,1,4,15,25,14,11,13,19,24,18,20,9,16,1,8,14,19,12,6,12,12,1,3,7,6,19,12,7,5,13,19,3,1,23,14,10,22,3,18,14,5,7,12,1,5,20,24,19,21,17,5,19,2,4,15,6,16,25,25,7,23,24,14,4,11,10,23,15
16,21,6,17,20,16,9,15,24,1,25,6,5,11,5,1,4,3,25,8,1,6,25,15,17,13,13,5,21,13,21,20,7,8,2,3,5,23,20,2,18,8,23,18,18,7,20,22,3,20,14,20,17,7,1,23,3,25,21,7,22,10,3,15,1,21,8,22,12,10,12,20,5,3,2,20,16,5,7,4,24,16,12,11,2,4,11,19,13,9;19,11,23,11,1,4,4,7,2,8,19,15,17,16,18,15,23,17,19,18,9,13,24,24,24,8,14,25,10,8,11,23,6,21,12,23,16,22,9,9,10,21,7,18,21,18,8,11,25,25,1,17,1,19,3,5,5,7,9,24,13,6,2,24,5,22,24,11,14,13,19,3,14,22,6,6,18,18,25,4,18,25,7,5,3,3,8,17,14,6
17,15,20,10,5,8,5,7,7,7,8,17,2,5,25,8,17,14,14,18,4,4,2,11,6,19,22,10,20,23,9,24,19,15,8,25,16,19,14,17,13,5,3,8,25,2,1,8,22,1,1,20,18,12,16,12,6,10,12,20,9,20,8,3,17,21,10,25,1,5,9,11,15,19,8,2,1,24,23,22,16,12,5,20,24,9,24,25,19,2;7,25,23,8,20,24,2,20,15,4,15,17,14,14,21,25,16,12,13,18,20,18,25,1,20,14,22,2,2,20,24,21,11,17,22,15,21,3,3,11,24,9,25,20,13,14,16,15,4,2,18,17,6,13,10,9,16,16,13,17,7,16,20,9,23,14,9,5,17,15,11,17,2,21,6,5,10,14,6,11,4,17,5,12,6,4,2,6,1,7
19,10,10,22,8,12,2,13,24,8,24,2,13,9,23,2,14,18,10,24,2,19,20,14,19,24,18,5,21,2,19,1,9,22,19,12,17,25,13,20,9,22,4,8,14,22,9,17,17,22,15,14,20,3,19,21,19,10,11,23,14,11,11,17,1,18,16,19,17,16,14,15,22,18,11,16,23,21,24,15,6,3,23,17,17,7,15,7,23,23;24,2,1,13,11,25,25,16,7,25,17,1,6,4,20,24,8,6,4,14,19,20,5,7,5,16,13,21,15,4,13,14,10,21,22,4,3,5,4,13,24,3,16,9,12,22,4,2,24,16,8,6,14,13,25,15,23,16,9,7,23,21,9,14,18,3,10,4,10,25,24,7,22,16,23,5,13,16,6,21,7,15,15,17,24,3,15,3,10,22
20,3,24,13,18,4,22,5,9,13,7,15,10,3,17,11,4,5,24,10,7,16,23,10,7,4,2,9,22,15,7,5,21,4,1,11,3,21,7,12,4,20,9,23,22,14,15,4,10,3,3,14,20,6,10,8,22,20,25,11,1,21,17,5,19,16,15,22,5,12,11,6,8,9,15,24,8,14,15,8,25,2,16,25,14,12,5,13,4,19;12,18,3,10,4,21,25,6,20,21,14,3,3,2,25,9,2,1,21,13,5,1,6,8,1,22,20,1,7,16,24,11,15,19,6,23,8,10,23,15,14,17,11,12,6,18,10,6,3,20,25,5,21,7,9,21,8,1,13,24,17,5,1,1,11,20,20,24,13,2,17,21,11,18,23,4,3,11,11,3,18,8,13,23,3,4,7,19,22,25
18,22,9,11,11,6,13,5,7,23,9,4,17,18,9,11,11,21,7,1,17,22,13,22,20,11,25,22,20,6,20,16,7,9,6,18,21,8,22,13,20,25,19,2,23,8,21,19,4,13,15,17,19,21,12,22,13,14,5,3,17,19,25,17,19,18,13,12,16,22,23,7,25,13,24,25,3,8,19,2,19,8,12,23,19,23,14,19,10,11;23,22,1,20,24,9,1,13,5,13,2,24,9,7,11,5,23,18,18,14,25,10,2,5,10,4,21,14,5,6,12,16,1,4,25,18,15,19,13,12,20,1,4,4,22,5,14,23,16,11,22,10,1,24,9,3,25,20,25,21,12,23,22,17,6,18,14,14,3,21,14,6,18,18,2,5,7,25,22,7,11,25,21,5,17,3,4,1,11,16
19,16,23,4,23,21,8,22,15,3,17,15,16,12,3,20,1,8,21,12,22,21,18,18,8,17,9,2,21,16,8,20,20,16,11,14,6,4,18,5,16,25,24,17,7,3,2,5,23,19,3,16,19,24,4,9,16,24,21,13,4,4,6,5,9,18,14,15,3,19,18,25,11,3,5,8,13,2,10,20,13,7,5,8,19,2,3,1,16,4;11,13,25,18,18,5,1,3,18,7,21,24,8,6,14,15,15,13,10,14,11,15,3,7,8,10,4,19,24,17,25,14,4,25,12,12,20,23,7,14,10,14,24,6,17,1,20,25,20,12,16,9,7,17,18,10,12,4,4,14,5,9,16,4,24,10,1,10,6,23,7,20,7,17,24,4,21,20,25,14,21,20,17,11,21,4,21,15,23,20
21,11,15,17,1,2,7,5,9,4,6,24,1,16,1,14,21,13,17,18,20,9,9,21,22,22,4,22,22,22,18,22,10,23,22,2,10,8,15,8,11,14,25,19,22,23,12,12,18,15,17,11,21,17,5,21,4,1,20,19,9,22,9,18,19,14,18,7,18,3,25,2,17,3,7,22,10,21,11,13,3,21,23,3,12,1,20,7,20,25;3,15,4,23,7,8,22,24,8,3,23,8,23,20,13,12,6,6,1,12,10,18,10,13,16,14,20,12,12,2,13,7,4,6,12,25,25,25,5,16,10,8,16,20,15,9,7,14,15,2,4,23,15,16,7,15,17,4,25,3,22,13,5,8,16,24,1,10,22,8,19,10,3,15,18,3,25,21,1,24,23,16,4,18,13,3,10,12,9,9
22,5,2,9,11,16,1,21,17,10,14,13,22,10,22,21,11,23,6,5,23,9,12,17,10,2,13,1,23,8,4,1,22,5,5,25,20,4,9,23,5,14,6,7,4,17,18,23,12,21,4,10,22,20,21,8,7,11,11,4,21,4,14,7,11,13,20,10,7,1,20,20,3,18,13,4,20,15,3,8,20,20,16,12,9,5,9,14,2,19;16,4,5,20,25,3,22,12,21,24,19,10,22,19,18,22,25,1,20,12,21,23,9,13,14,18,2,17,3,16,1,5,8,2,22,19,7,7,2,16,25,22,8,23,10,5,16,16,19,5,23,23,22,11,16,22,5,14,4,21,15,24,23,18,10,16,12,4,1,10,12,22,15,14,18,3,17,18,6,6,9,11,2,24,17,4,2,1,19,13
20,24,13,6,4,18,18,21,17,19,15,2,7,25,12,21,17,15,14,22,10,15,1,4,21,10,11,14,21,1,17,12,8,10,7,7,13,16,1,2,23,19,15,13,6,9,24,15,6,6,15,13,22,10,25,22,25,5,16,21,12,5,22,18,11,16,17,25,17,9,7,21,21,22,21,6,15,8,6,2,16,1,9,9,14,16,19,20,10,13;2,9,2,5,22,17,23,19,6,15,8,5,2,1,4,18,21,18,15,13,16,6,7,10,23,3,3,5,1,3,12,9,19,15,16,15,13,16,17,15,6,6,3,15,1,15,18,8,7,21,19,2,2,1,16,3,21,10,18,17,10,17,19,11,4,12,7,20,17,4,9,8,24,17,20,5,18,5,17,10,4,3,10,4,6,3,24,8,9,4
21,17,25,24,14,10,12,13,1,24,23,13,4,19,6,5,8,1,3,8,15,12,6,25,9,17,20,17,23,12,5,16,22,17,15,5,24,12,21,17,16,17,20,4,13,3,5,2,24,12,4,11,21,13,15,9,3,15,6,6,24,13,3,5,4,16,19,4,6,6,2,12,6,12,3,14,25,2,20,20,10,24,3,18,12,21,6,1,16,6;15,24,3,2,15,12,24,9,20,9,4,8,1,22,9,3,13,13,9,13,2,13,9,11,21,9,12,8,18,15,25,9,24,10,25,9,20,21,11,16,20,19,21,18,21,11,24,10,11,25,11,1,9,22,25,8,7,20,20,10,3,1,11,21,23,7,16,14,19,6,2,21,13,16,19,4,10,2,20,17,14,23,6,12,10,4,16,24,22,6
24,13,17,11,17,14,11,21,17,1,14,22,15,23,4,24,5,7,24,14,13,2,22,3,24,20,14,11,23,15,15,16,10,24,1,16,25,18,17,20,14,9,21,3,2,24,13,9,19,8,16,7,23,4,16,19,15,17,6,12,4,6,6,20,11,11,23,20,22,15,9,16,13,12,4,2,22,22,24,13,23,15,20,13,4,19,25,8,20,2;7,1,7,9,5,13,21,5,11,7,6,16,16,14,6,25,4,7,25,9,1,13,13,19,4,11,1,1,6,1,15,25,22,15,2,22,25,22,9,19,20,13,13,6,17,19,11,24,6,14,24,16,15,20,16,13,14,17,16,23,20,6,2,1,15,18,18,14,11,16,15,12,6,12,14,2,14,3,21,2,16,18,18,18,3,3,3,21,6,22
24,6,6,4,2,6,7,13,25,6,22,9,12,17,24,8,18,17,13,24,16,24,25,24,13,25,23,16,22,3,3,22,23,6,6,15,11,14,12,9,7,6,2,19,9,18,19,20,13,14,6,5,23,9,9,8,18,25,20,22,14,15,12,7,4,11,24,24,9,13,4,6,24,2,10,10,7,15,13,5,17,12,14,23,2,24,12,14,1,21;22,17,8,4,23,9,20,18,24,1,25,17,15,12,11,9,23,2,17,8,12,19,15,19,2,17,11,6,25,13,2,25,3,12,12,16,7,2,6,18,10,2,5,9,11,15,20,1,10,16,18,15,23,14,23,20,24,2,20,16,11,16,20,11,8,11,2,10,15,18,7,25,21,11,11,3,4,23,1,9,1,13,16,24,6,4,23,10,18,23
23,23,16,25,21,8,22,13,25,15,24,24,21,7,15,5,1,10,20,16,3,6,14,13,23,10,22,4,22,19,16,8,11,11,11,21,6,25,4,13,25,12,11,23,11,10,25,10,5,24,17,8,22,22,11,20,9,21,25,14,7,14,20,20,4,13,21,14,21,21,16,10,14,6,19,12,5,9,17,25,13,18,9,21,7,10,22,20,8,13;6,20,4,15,18,24,21,2,9,18,16,12,21,17,22,6,19,19,12,11,7,3,11,16,11,24,11,19,20,2,14,4,13,23,6,11,12,11,21,17,14,11,1,1,3,1,22,18,23,7,15,20,2,5,25,1,15,23,9,14,8,8,15,3,3,9,22,23,4,12,5,11,4,13,15,2,7,12,12,13,19,5,23,5,20,3,19,17,6,15
23,17,3,18,7,24,15,5,9,20,6,11,18,1,10,14,14,20,9,1,8,3,19,7,11,15,7,9,22,5,4,12,23,18,18,20,15,21,23,5,18,11,16,13,20,4,6,22,1,5,4,8,24,2,1,7,12,6,15,2,19,23,25,7,21,13,21,17,8,18,13,25,25,22,25,20,12,3,8,20,7,17,2,6,7,15,11,1,14,9;19,11,6,12,11,18,21,15,23,12,10,14,18,16,2,15,13,14,6,11,18,8,12,16,9,5,19,24,14,14,2,2,17,19,16,5,19,16,15,17,6,24,20,4,22,23,5,22,2,11,7,19,10,1,7,8,1,8,13,5,2,20,8,16,21,1,6,20,8,14,22,25,19,12,14,3,22,7,17,20,5,23,20,12,24,4,11,5,18,18
8,6,21,22,23,19,7,7,5,2,11,14,20,24,5,2,3,25,4,2,13,12,4,1,10,7,13,24,17,8,2,23,3,15,4,13,8,6,22,10,24,7,24,7,9,14,25,8,12,7,11,10,12,10,9,1,17,8,11,5,16,15,23,11,15,6,21,25,3,2,14,25,22,22,25,12,8,14,17,19,24,16,4,8,24,14,21,5,5,17;5,19,13,12,23,18,11,9,20,11,9,16,16,17,3,8,16,5,16,25,15,12,9,7,17,5,1,21,13,13,9,19,17,25,21,22,7,23,9,2,24,5,2,6,23,17,5,25,18,9,3,21,11,19,14,19,22,24,2,24,8,6,2,23,22,25,6,5,16,12,22,19,20,7,24,9,24,10,4,7,22,6,20,16,3,2,13,13,20,15
9,25,10,15,8,9,25,24,13,7,21,25,17,20,1,11,19,10,18,12,16,10,7,22,24,12,22,4,18,19,15,2,15,24,9,11,19,2,18,25,18,4,4,22,16,9,6,20,6,13,23,8,12,14,1,15,20,18,2,15,2,22,3,23,7,5,20,3,17,25,12,15,9,12,4,20,18,8,8,14,17,12,22,18,22,19,10,11,11,10;18,9,14,9,17,13,11,22,9,5,6,18,15,14,8,17,10,23,8,25,25,19,10,7,15,10,8,1,5,25,22,17,20,21,6,16,12,3,3,2,14,19,22,9,17,13,13,2,22,13,20,18,17,13,21,1,8,8,7,17,2,16,20,8,16,17,17,25,20,14,15,8,9,6,23,8,14,6,10,14,6,24,16,22,7,3,5,3,8,16
7,17,19,12,1,11,17,24,13,16,21,16,24,8,17,11,25,4,25,4,3,16,22,9,9,19,20,17,19,11,4,13,2,2,13,18,12,13,8,3,11,9,13,1,18,3,12,11,23,23,9,11,11,3,3,2,11,13,7,7,19,23,11,9,5,8,18,16,2,10,23,17,25,16,12,22,16,1,12,6,12,19,18,15,1,5,20,17,18,2;2,14,13,20,12,1,12,6,19,21,19,13,20,21,19,14,5,17,3,1,20,2,6,4,22,18,9,14,2,14,8,21,6,9,25,12,20,12,19,1,20,3,17,25,8,25,15,19,10,4,17,25,21,4,23,8,24,5,20,13,22,8,15,1,10,15,11,15,9,8,12,18,18,8,2,10,17,18,20,18,25,16,25,4,21,2,4,10,23,7
8,13,6,4,11,2,11,16,22,21,3,2,23,4,12,18,15,14,14,14,8,13,24,5,22,25,4,21,18,22,16,17,16,9,21,17,23,9,2,20,4,7,18,17,25,22,18,21,18,4,23,10,12,7,18,14,14,23,22,20,4,5,17,23,22,8,19,22,14,5,19,7,11,6,18,4,25,20,3,1,5,17,11,24,1,11,9,23,24,23;17,5,14,17,5,22,12,19,7,17,13,16,19,19,24,24,24,10,22,1,4,7,7,4,20,24,16,17,19,1,21,21,11,5,10,5,25,19,15,25,10,16,10,3,3,21,24,21,14,7,9,22,4,23,5,14,11,14,25,6,15,20,8,13,4,7,21,11,13,10,5,5,5,8,1,9,7,15,24,25,11,11,22,10,25,3,21,24,8,11
10,8,23,17,14,6,10,24,13,23,20,12,7,6,10,12,10,19,10,20,6,3,17,8,13,5,24,16,18,3,1,17,4,18,7,3,1,13,1,21,2,24,20,16,14,17,3,5,13,25,10,5,14,24,21,1,1,24,22,23,11,24,20,11,7,3,23,13,5,14,25,12,17,6,22,18,22,17,4,19,21,8,2,21,17,8,1,5,3,19;9,7,16,24,21,25,8,15,21,14,15,24,10,9,23,21,14,6,13,24,6,9,12,12,5,1,7,11,7,13,8,12,9,9,10,19,7,18,13,5,10,10,1,17,24,4,9,10,9,22,24,13,12,23,21,20,16,12,18,20,7,23,24,16,21,21,23,11,3,20,18,23,1,3,19,9,11,17,24,8,13,6,10,18,17,2,8,22,19,25
11,1,12,10,1,23,6,16,22,3,3,23,6,2,4,21,25,4,24,6,9,25,20,4,1,10,6,21,19,14,14,23,16,25,13,1,12,10,21,13,20,21,25,7,21,10,9,16,7,6,25,4,14,1,12,13,4,8,11,10,21,8,25,23,24,3,25,17,19,12,21,2,3,21,1,1,7,10,21,12,12,7,22,3,16,14,15,11,9,13;22,21,17,19,14,21,8,5,10,10,11,25,8,7,1,5,8,23,7,23,16,14,13,13,1,7,15,15,1,24,21,12,15,7,21,11,12,25,7,4,24,22,19,20,19,25,17,12,12,23,16,11,17,17,5,24,4,21,23,13,25,9,16,3,14,14,7,5,7,22,10,9,13,4,18,8,2,11,5,15,23,1,5,24,21,3,25,10,6,4
9,19,22,8,17,25,21,16,22,12,4,14,14,15,21,20,7,22,7,22,21,7,10,18,12,17,6,9,18,4,3,7,2,5,17,8,5,23,13,17,13,2,9,13,23,3,13,6,24,16,10,7,13,17,16,2,22,4,15,3,14,7,9,11,22,5,22,7,4,22,7,6,20,25,10,2,3,4,24,6,9,11,15,2,21,25,24,17,17,4;6,25,15,4,10,9,9,12,22,1,25,20,14,12,12,2,3,18,2,25,11,24,9,9,10,16,15,3,24,14,10,16,1,17,16,8,19,9,23,3,5,8,14,11,12,10,19,4,1,16,13,17,24,8,5,6,20,18,11,10,20,2,12,20,9,10,2,21,23,16,7,20,22,5,22,9,6,1,15,21,16,19,14,3,10,2,24,17,20,20
10,12,11,24,4,17,17,7,5,18,12,25,10,11,15,4,22,7,21,10,1,6,13,12,25,25,15,11,19,15,13,13,16,12,24,6,15,17,7,6,6,1,14,1,7,23,19,18,20,22,23,7,13,21,6,14,25,14,6,13,24,16,14,23,15,5,24,10,18,19,3,21,6,16,16,10,13,23,13,24,2,10,8,12,19,3,12,24,23,23;21,16,16,2,3,4,10,2,10,20,21,22,11,11,17,11,22,11,19,24,20,4,11,10,8,20,25,8,15,1,22,14,6,13,25,2,24,14,17,3,20,21,7,14,7,6,3,8,5,18,7,14,4,2,12,13,6,2,16,2,13,14,5,5,3,4,11,15,25,18,25,9,11,4,20,8,21,20,21,1,2,13,12,10,14,3,16,8,7,24
13,7,3,11,7,21,14,15,24,19,1,10,22,13,13,23,19,12,15,14,23,19,6,15,14,3,9,8,19,21,23,13,4,19,9,19,16,23,4,9,4,18,16,3,22,18,4,1,15,18,12,1,15,13,7,1,13,13,6,18,6,8,17,13,24,1,3,2,9,3,9,1,12,15,19,24,9,17,17,17,16,1,1,7,11,1,5,6,2,19;13,18,18,9,19,5,8,21,25,16,23,6,3,25,16,9,14,6,10,20,22,7,18,18,16,25,14,2,3,10,10,7,4,19,25,16,4,16,17,5,20,13,23,3,3,14,15,20,1,7,19,4,12,25,3,18,13,25,11,17,5,17,19,10,20,16,13,15,18,3,13,24,6,2,14,6,24,22,21,11,6,9,22,17,7,2,4,6,16,13
13,1,15,4,17,12,10,7,7,25,9,21,19,9,8,7,7,24,4,1,3,18,9,11,2,8,18,11,19,7,11,19,19,1,16,15,2,19,23,24,22,16,21,18,4,12,10,13,8,24,24,1,17,15,23,13,16,24,21,4,16,17,23,1,17,25,4,5,21,1,7,16,23,6,23,6,19,11,6,12,9,24,19,16,9,6,18,12,9,13;1,9,20,4,12,1,6,11,13,12,17,8,25,24,19,18,6,24,4,20,7,12,17,18,14,5,23,6,20,22,23,5,8,15,10,8,11,20,11,7,10,2,16,6,22,10,21,24,5,11,12,3,18,21,12,25,23,9,14,10,23,1,13,20,13,8,22,11,21,3,6,13,19,1,12,7,14,18,25,18,16,4,20,23,10,4,21,19,3,14
12,20,24,3,11,15,25,7,7,9,10,10,3,22,24,5,13,16,14,18,15,25,23,25,14,17,15,24,19,24,25,3,5,6,20,24,22,6,15,3,15,21,5,22,5,4,16,3,25,9,12,4,14,6,2,25,7,18,1,21,9,16,6,13,17,3,1,20,8,9,16,20,16,10,7,8,15,4,10,6,6,4,15,13,14,17,2,18,15,6;10,12,18,16,8,16,7,18,23,3,8,2,5,6,7,15,1,18,24,23,2,20,15,15,23,13,24,20,18,11,9,10,18,2,6,5,17,4,2,4,14,11,11,22,14,21,25,16,16,2,10,8,25,11,12,6,15,6,2,6,18,21,9,13,8,6,17,24,10,24,3,23,2,4,16,7,17,6,10,22,9,21,3,5,25,2,19,1,18,6
12,14,13,21,20,4,20,24,15,14,18,23,25,18,18,14,4,3,3,4,20,22,1,21,25,23,25,3,20,10,13,9,17,13,3,21,6,2,9,20,9,19,11,12,12,23,22,15,19,15,25,2,15,8,17,12,10,3,17,6,19,25,12,1,7,1,3,23,20,6,14,10,2,25,13,16,25,23,1,24,24,2,8,22,14,22,16,24,21,25;25,2,19,11,1,10,7,8,11,22,2,4,4,4,10,24,20,11,18,21,11,25,16,15,21,19,6,22,12,23,22,7,24,23,16,22,24,11,21,6,6,24,6,25,8,18,6,18,22,6,2,7,5,7,21,11,25,15,7,24,12,5,1,25,1,23,3,20,14,1,20,12,17,3,15,8,9,2,16,4,20,14,1,11,3,3,12,15,4,9
15,9,5,6,23,10,20,7,7,16,10,8,11,20,16,8,1,6,22,10,16,12,19,24,16,1,20,23,20,14,23,9,5,20,12,8,9,8,6,21,4,11,12,12,2,19,5,23,14,11,14,23,17,25,20,24,23,4,17,12,1,18,15,15,17,23,7,15,11,15,21,12,8,25,17,4,22,18,2,17,13,18,1,19,4,20,8,6,25,21;17,4,21,18,15,13,5,4,3,21,4,13,20,19,9,22,12,5,8,19,13,2,21,21,4,21,23,16,25,7,12,25,22,2,16,12,4,13,21,8,6,18,20,12,6,1,19,7,17,18,15,21,13,5,12,18,7,13,2,13,1,8,15,2,18,12,3,20,7,9,8,2,10,23,10,6,13,4,16,14,21,12,11,16,21,3,24,12,15,23
15,2,17,24,10,25,13,24,15,21,17,19,8,14,11,17,14,18,11,20,21,9,22,18,4,8,4,3,20,2,10,15,19,2,20,5,20,2,25,12,25,8,17,2,9,13,13,10,10,17,1,23,17,4,11,11,1,15,5,22,11,1,22,3,9,23,9,18,25,13,16,5,19,15,21,12,6,11,18,10,6,17,19,1,4,1,22,12,6,15;4,20,22,13,8,8,3,17,14,14,25,15,18,17,12,6,6,24,2,18,23,7,22,24,2,2,5,20,17,21,23,23,3,25,25,4,11,17,15,10,20,7,15,15,1,22,2,9,21,21,9,20,18,24,19,23,20,22,7,6,20,20,8,14,12,4,15,14,10,11,1,16,25,22,7,7,3,23,22,21,7,5,9,22,24,4,16,3,2,2
14,21,4,22,2,2,5,24,15,5,19,8,15,4,2,15,22,9,18,12,8,15,11,7,15,15,2,15,20,18,24,24,6,7,24,14,13,15,17,16,16,13,1,8,11,7,17,25,2,2,12,24,16,20,15,25,19,9,10,14,4,1,3,13,9,25,6,8,10,21,2,7,9,19,4,14,4,5,22,4,3,23,13,25,9,11,7,18,15,8;14,23,21,1,4,21,6,1,1,6,13,8,24,22,25,3,25,19,23,20,18,17,18,18,11,9,6,9,14,9,11,3,13,11,22,2,16,2,5,7,24,16,10,9,17,6,4,1,9,13,6,25,25,15,19,4,11,19,18,3,15,13,6,7,6,2,9,5,25,5,23,2,8,25,11,6,6,13,5,25,2,22,17,4,14,3,13,8,15,18
14,15,16,15,14,19,24,15,24,10,2,19,12,25,22,24,10,21,8,24,13,13,14,3,3,21,11,20,19,3,10,5,18,14,6,10,23,12,12,6,11,13,7,22,20,24,23,12,20,8,1,23,16,22,5,12,20,19,1,24,14,9,9,1,24,23,5,12,24,18,23,22,20,9,11,22,12,24,11,22,21,20,8,10,6,15,21,25,19,2;4,14,20,21,22,17,5,14,14,25,10,11,23,21,3,12,18,12,14,19,4,22,20,21,7,15,13,13,6,21,24,2,19,7,6,18,23,6,25,8,14,4,3,9,12,4,12,3,13,16,23,24,6,11,3,11,22,3,23,21,8,24,23,17,25,20,19,24,3,7,16,13,23,24,10,7,21,7,11,7,13,17,15,10,17,4,7,24,2,22
10,16,7,11,2,9,8,2,11,7,25,12,8,5,22,24,15,24,5,11,2,8,13,16,8,12,21,17,2,12,7,21,16,4,16,15,9,12,6,5,24,24,2,4,10,4,22,18,24,23,23,12,6,23,2,14,18,18,4,5,2,4,20,2,25,24,18,14,11,4,8,6,11,9,16,8,12,3,6,9,6,3,15,22,22,12,19,8,13,9;4,10,18,8,17,21,8,11,22,22,14,25,5,1,22,14,22,9,13,22,8,22,9,19,17,22,14,3,8,17,17,20,15,12,3,4,20,4,4,5,21,13,2,10,6,24,10,3,11,19,6,3,20,15,3,10,15,7,22,6,8,21,9,16,10,21,21,13,5,4,17,1,8,21,11,23,3,8,22,18,1,2,13,18,23,4,5,12,20,6
10,9,21,2,14,1,2,19,19,12,8,24,5,2,15,8,3,11,19,22,5,6,16,12,21,20,5,22,1,23,20,25,4,11,24,14,19,8,1,21,17,24,7,19,17,24,5,2,18,2,10,11,6,25,18,1,18,3,20,18,14,12,25,14,17,22,19,17,23,25,4,22,22,24,22,16,20,22,22,1,24,2,10,6,20,17,8,14,19,5;17,1,19,5,10,17,9,1,9,16,8,2,4,24,1,24,16,2,5,22,17,2,11,20,15,3,23,8,2,4,5,18,21,8,12,23,25,9,23,7,10,2,19,13,25,20,16,5,15,23,23,25,25,8,12,15,25,17,2,23,1,5,1,4,4,14,7,9,8,6,7,13,23,21,11,24,18,3,3,25,12,20,11,24,2,5,22,1,7,7
9,4,5,25,8,3,17,19,19,22,10,12,15,14,8,6,12,2,2,14,17,12,8,24,9,2,2,10,1,15,8,11,15,16,3,21,15,20,18,25,10,4,16,23,18,15,9,19,12,14,21,14,5,16,20,15,12,22,25,10,4,12,8,1,15,24,17,7,8,10,15,25,14,3,6,18,17,15,1,21,21,8,3,3,25,3,18,22,1,21;1,3,18,16,6,7,10,8,21,7,24,22,9,4,13,20,11,22,2,25,12,12,9,17,24,13,24,21,25,16,18,22,6,21,6,18,8,18,15,4,16,11,15,4,18,7,21,22,3,14,20,7,7,25,12,22,16,13,15,20,23,23,22,21,23,12,2,22,23,25,7,24,7,23,15,23,22,17,14,4,5,13,19,6,16,4,19,7,21,24
9,22,19,18,17,18,13,11,2,2,18,24,12,11,1,15,25,14,16,1,22,11,11,20,22,7,12,14,25,1,21,15,4,23,8,19,25,16,12,15,5,2,22,14,25,10,15,6,5,18,9,14,5,18,12,2,15,8,16,20,17,20,14,14,8,24,16,11,22,7,13,16,25,18,12,25,2,9,15,14,14,4,22,12,25,6,5,4,7,15;14,19,19,13,24,25,10,23,9,3,18,25,8,2,17,5,3,15,19,24,22,17,10,17,20,17,6,24,17,5,4,20,12,16,18,12,13,23,10,5,6,25,7,7,13,3,2,24,7,17,12,4,13,19,21,4,2,23,18,13,15,9,14,6,17,4,11,19,1,2,24,12,21,22,14,24,11,13,19,11,15,8,17,12,20,5,13,21,8,2
12,17,11,5,20,24,12,19,21,3,9,8,21,12,25,9,22,18,12,5,18,24,2,23,11,10,5,9,1,5,6,17,17,5,20,5,1,20,9,18,1,19,23,15,15,5,25,13,25,16,23,8,7,12,13,14,2,9,15,1,22,13,17,4,17,19,22,2,12,16,17,20,6,18,13,14,24,4,18,7,3,21,14,7,15,4,24,8,11,11;8,21,21,20,13,3,8,19,23,24,20,9,23,17,15,2,20,10,10,20,24,20,15,25,5,21,22,17,5,15,19,13,10,23,18,25,20,24,8,8,6,18,24,21,9,11,14,13,2,5,1,20,21,17,11,9,9,20,13,2,7,13,3,11,9,18,13,18,19,12,10,3,14,18,7,22,15,15,19,21,19,3,2,20,13,4,1,19,17,16
12,11,23,23,5,13,6,10,4,9,17,22,20,9,20,18,12,4,1,18,23,23,4,19,24,18,14,14,2,16,17,21,6,12,2,3,12,16,3,8,19,16,3,4,22,24,6,24,19,20,10,8,8,15,4,1,5,17,4,11,9,23,23,16,10,19,24,6,1,14,15,11,17,8,19,22,9,22,7,24,21,19,8,17,15,9,11,15,17,5;21,12,22,15,6,24,6,7,12,18,16,9,22,15,19,11,14,3,3,20,10,25,16,25,3,2,5,22,21,1,7,11,15,18,3,19,25,6,2,9,21,7,16,24,4,7,22,15,6,8,19,17,1,13,18,15,19,5,18,20,25,24,23,21,2,10,22,13,22,14,3,16,4,19,6,21,5,10,23,3,5,23,25,1,16,5,18,10,4,20
11,3,10,20,24,16,23,10,4,18,18,10,2,21,11,17,19,21,9,9,10,5,21,8,10,25,12,1,2,8,7,7,18,17,4,10,5,5,20,11,12,21,13,10,24,18,12,14,13,7,23,11,6,5,8,15,21,14,9,3,24,21,6,4,8,21,19,21,12,22,1,12,10,12,3,23,4,16,11,19,18,25,3,16,20,20,21,21,23,23;5,16,21,25,3,12,9,14,22,11,4,4,3,22,6,8,10,22,24,21,3,7,12,22,10,9,6,10,19,16,18,15,1,4,22,14,7,13,19,6,25,16,12,16,20,16,25,7,19,24,15,24,8,4,18,22,11,1,6,16,20,17,18,14,22,6,17,3,12,8,25,2,12,20,10,23,8,24,8,7,22,15,8,7,6,4,15,14,18,11
