48,14,40,46,17,34,28,16,48,15,28,34,13,17,11,43,23,24,8,15,36,5,21,32,35,35,44,19,6,12,8,24,10,19,17,50,46,36,44,18,29,32,34,32,4,30,40,8,48,35,16,37,15,33,37,21,32,46,29,30,7,44,36,23,22,30,17,1,40,1,39,26,43,5,6,25,21,2,41,20,4,34,27,25,33,2,6,42,10,13,40,9,8,10,26,18,29,31,10,43;15,20,11,41,19,7,45,16,23,9,24,44,36,29,36,3,31,3,42,8,40,6,12,26,39,13,17,48,1,18,9,6,8,39,28,1,20,11,21,46,46,7,6,27,18,37,19,44,36,38,25,29,31,30,7,11,45,47,49,1,15,14,29,37,22,38,2,37,41,27,5,29,6,29,30,17,20,39,50,42,40,7,44,26,37,31,43,25,19,29,1,1,16,24,40,18,30,37,48,27
22,8,24,19,36,11,43,16,23,49,29,23,45,31,27,18,29,40,15,7,23,36,37,44,21,42,19,32,4,30,22,35,49,49,47,34,14,49,9,21,22,12,43,10,31,49,21,48,18,47,2,15,39,47,42,10,24,15,9,47,49,19,45,10,47,32,14,39,25,36,26,5,33,9,40,2,42,20,20,15,25,38,22,47,38,13,15,48,16,30,50,41,16,43,6,8,8,23,11,21;1,25,7,1,39,20,46,48,8,1,37,40,41,9,48,24,27,23,37,10,32,41,10,23,48,46,43,12,21,7,22,35,19,1,47,21,3,45,12,20,25,41,1,19,9,46,48,36,49,6,22,9,11,47,7,42,12,19,36,47,10,31,50,29,17,34,22,2,5,46,2,15,14,7,9,18,48,4,35,46,8,50,28,8,1,5,16,5,7,45,21,34,43,33,14,35,4,44,5,13
47,27,11,12,46,50,39,33,31,5,12,11,17,28,22,25,45,2,29,42,28,8,15,40,9,22,28,10,5,41,35,14,36,6,2,6,24,43,3,36,43,37,23,1,38,41,27,35,11,26,40,40,16,26,7,47,27,25,50,9,35,27,25,48,37,32,16,43,12,6,46,45,19,24,44,10,2,14,9,33,17,37,40,7,35,44,29,29,47,26,14,48,28,33,46,27,31,26,10,46;39,38,8,48,32,16,46,36,46,20,34,42,40,32,27,34,44,18,6,9,18,46,11,23,46,1,50,39,15,44,35,8,49,47,9,15,8,2,33,44,17,30,21,22,29,43,5,38,28,33,39,33,18,43,39,49,24,28,40,15,28,41,42,17,36,3,31,46,34,23,19,3,27,31,32,17,38,50,41,28,18,19,1,14,30,31,8,46,44,22,31,40,17,31,39,28,46,24,36,1
25,22,3,25,49,6,13,16,23,31,28,46,29,4,45,21,14,5,50,24,50,23,6,18,47,28,22,4,6,45,45,16,24,38,38,18,28,24,27,14,38,3,25,1,28,11,12,16,31,24,29,9,43,18,35,31,39,26,49,13,15,20,28,38,47,27,22,11,3,15,3,49,50,49,22,48,49,36,10,25,32,28,33,2,28,41,46,36,1,44,31,28,50,29,48,30,50,39,11,16;31,16,12,30,48,44,44,32,36,18,11,1,30,47,25,31,36,36,46,7,45,24,16,29,29,29,42,35,28,28,48,26,48,28,9,28,38,29,31,24,17,23,10,36,27,26,42,2,23,22,29,48,49,16,5,29,29,26,11,5,20,44,6,44,28,40,33,21,27,8,7,44,47,1,1,18,41,25,16,39,22,15,13,45,21,5,21,43,28,13,28,17,39,16,17,48,5,30,39,42
1,41,42,15,8,46,7,33,31,36,11,32,50,49,39,28,30,17,15,11,5,45,36,14,36,8,31,34,7,5,7,45,13,45,46,42,38,21,21,31,7,26,5,41,35,6,18,3,25,3,16,34,17,45,50,20,42,35,38,25,2,30,9,25,39,27,21,15,42,38,23,40,38,14,28,6,9,29,1,45,26,26,1,11,25,20,10,17,32,40,45,34,15,19,38,1,25,42,12,38;19,31,11,26,41,37,43,22,24,37,5,1,29,21,4,40,4,29,13,7,30,29,17,32,27,35,1,13,20,15,11,49,26,24,18,22,45,33,50,48,6,12,30,39,47,22,50,4,2,1,46,22,6,10,39,34,42,35,15,22,38,5,1,31,46,7,42,17,5,35,25,30,12,26,24,16,33,21,22,21,33,35,34,3,49,31,13,32,16,40,39,20,12,12,42,43,47,10,20,30
24,33,27,39,27,23,24,33,6,20,11,21,35,13,6,2,36,34,22,1,41,27,1,28,23,15,3,47,5,23,21,6,49,25,25,24,6,32,38,35,50,6,14,22,12,24,47,43,44,15,4,12,41,11,5,7,35,6,18,42,42,3,17,10,14,29,19,5,27,23,10,16,28,18,12,33,31,48,30,38,47,32,45,35,30,31,20,23,41,7,4,15,23,50,16,39,4,34,11,16;5,36,10,36,12,2,45,4,11,28,18,46,34,50,16,12,50,48,10,8,25,14,13,27,36,19,27,26,43,4,22,29,39,35,37,43,25,17,41,22,35,46,25,30,38,33,27,46,15,17,42,1,36,26,39,17,8,7,4,19,33,23,22,24,41,5,12,31,20,4,22,18,18,3,3,18,12,36,5,25,50,27,17,32,16,5,37,14,6,6,10,5,40,21,16,11,22,17,29,17
50,3,16,32,37,15,17,50,14,26,46,7,7,8,50,11,1,46,36,38,46,1,28,22,9,45,12,27,6,34,34,35,37,32,31,47,17,28,33,49,18,29,43,10,21,19,3,30,38,44,41,36,16,38,20,44,36,16,9,2,29,13,48,50,6,29,20,8,16,45,30,7,14,33,16,41,41,42,21,8,39,29,15,42,30,11,34,5,22,1,18,21,35,39,8,11,27,37,10,41;43,2,11,33,5,48,44,44,48,47,15,48,31,24,45,22,19,41,27,8,9,19,15,29,34,25,34,6,35,41,35,3,17,31,49,36,32,22,12,47,27,35,43,33,7,29,33,50,44,46,10,26,44,20,23,22,19,16,6,37,2,34,14,9,9,22,21,27,48,31,40,5,33,27,27,17,1,30,11,7,11,45,40,39,44,31,29,3,43,34,19,11,15,19,41,6,13,47,8,4
45,4,31,2,27,31,27,11,28,23,19,25,26,40,49,37,29,49,9,25,11,45,28,11,17,39,47,50,12,42,31,1,35,22,42,25,2,29,27,23,31,42,15,43,10,47,2,36,16,36,38,25,7,39,42,24,34,38,37,8,17,31,31,49,5,3,8,35,27,4,16,16,5,33,23,25,39,19,14,42,25,12,47,31,21,8,32,13,14,34,23,47,11,47,48,18,5,47,19,25;18,21,34,45,48,27,23,42,5,19,44,13,15,29,39,22,48,14,1,36,13,18,5,28,18,32,35,20,14,11,5,21,16,36,18,22,4,20,41,46,7,16,17,32,28,49,8,49,19,24,18,29,31,24,48,46,37,20,6,47,27,31,50,33,43,26,48,41,50,28,41,16,45,25,5,9,7,6,49,42,1,6,14,22,48,6,2,16,9,18,19,2,11,5,26,36,11,45,38,12
20,23,19,43,39,22,21,28,36,28,2,12,48,36,45,44,44,11,23,13,14,19,6,5,5,19,6,28,13,3,42,32,22,28,48,49,13,25,22,40,1,15,45,33,17,41,10,23,10,15,25,49,31,18,7,11,37,48,28,19,5,41,14,38,47,3,7,39,14,27,38,7,41,48,27,33,49,13,5,10,19,11,15,39,19,36,47,44,45,28,37,4,26,37,38,37,28,50,20,49;6,37,35,42,41,23,23,30,44,38,40,15,12,2,17,31,16,9,18,35,49,24,6,28,15,36,42,50,6,48,18,44,46,32,30,14,11,25,10,20,46,5,34,34,48,47,14,1,48,50,35,1,38,20,30,1,47,29,11,15,45,41,42,20,11,43,10,35,28,3,8,5,10,49,27,8,49,50,3,24,12,26,35,28,27,32,44,6,46,45,28,7,35,2,1,31,3,25,17,50
44,15,5,17,6,49,36,28,11,12,4,50,32,49,10,18,1,27,31,4,50,50,20,19,40,26,29,41,11,19,5,41,9,9,27,31,31,37,39,42,44,45,4,12,44,10,39,12,27,27,13,27,5,32,12,48,28,20,8,36,45,14,20,24,20,5,4,29,2,10,23,35,34,2,11,10,19,31,34,5,40,17,11,13,23,47,6,50,2,45,46,36,32,20,16,27,7,39,19,27;41,41,32,3,12,36,24,14,31,29,4,8,18,34,30,3,10,26,15,36,44,6,2,25,25,20,18,13,28,37,29,23,7,45,49,36,42,9,50,44,27,39,30,28,39,7,44,43,11,18,31,33,18,34,32,35,13,1,49,11,40,9,15,11,6,39,29,50,43,24,6,40,18,26,6,10,27,15,38,28,30,18,19,9,41,6,16,36,35,13,49,42,12,12,25,49,27,34,26,34
19,36,42,10,17,39,31,45,20,17,36,37,4,45,6,28,16,39,45,40,5,23,48,15,28,7,38,21,13,32,18,22,48,15,35,4,42,33,33,8,12,18,33,2,1,2,45,49,23,6,1,50,30,11,27,35,31,30,47,48,32,24,1,11,13,3,6,32,38,32,45,26,19,17,17,17,29,25,25,24,32,16,29,22,21,27,18,32,33,40,10,43,46,7,6,46,32,42,20,2;30,5,33,50,5,31,24,2,17,50,50,10,17,5,8,12,29,21,32,36,29,13,3,25,22,26,25,41,20,24,42,48,35,40,9,28,49,14,20,19,17,28,47,29,9,3,50,47,40,45,1,5,26,30,14,40,26,10,4,29,8,20,7,48,24,7,39,44,21,1,23,29,31,50,31,9,17,9,44,10,41,36,42,16,20,32,10,27,22,40,8,48,36,9,50,43,19,14,7,22
47,31,34,22,20,45,6,28,11,44,3,21,15,22,27,21,38,42,16,21,27,38,41,43,17,12,34,15,13,35,28,22,36,50,21,15,45,14,5,36,8,34,36,4,41,23,30,33,43,4,40,21,7,3,3,21,44,29,48,2,12,17,6,1,22,50,10,49,29,41,2,30,1,42,46,6,26,45,26,17,47,5,22,17,14,25,37,39,37,11,27,23,18,6,7,49,1,8,21,22;22,32,37,30,21,9,22,48,9,46,27,19,7,22,7,11,21,39,22,34,6,39,10,33,6,4,16,37,33,10,5,14,35,21,9,43,29,40,18,48,17,21,39,43,5,36,37,9,35,34,38,22,7,3,29,20,31,8,24,18,50,23,21,28,16,45,41,19,14,34,9,19,1,21,48,9,20,36,19,21,42,33,2,48,13,6,23,25,8,29,5,23,8,43,27,14,29,18,10,14
23,49,23,15,30,35,1,45,20,49,35,10,37,18,23,31,1,4,30,6,32,10,19,37,5,42,41,45,12,46,41,3,23,6,27,38,5,10,49,1,28,9,16,42,48,17,36,19,36,33,27,44,32,30,18,8,47,39,37,14,50,24,36,39,15,50,12,2,18,14,22,21,37,7,50,13,36,38,17,35,41,4,40,26,11,6,49,20,18,5,41,29,33,45,49,20,24,11,20,45;10,48,38,27,14,3,20,38,47,15,21,22,6,46,35,21,40,32,41,34,40,44,11,34,3,10,26,14,27,47,18,39,14,17,21,35,34,47,39,23,7,10,6,46,25,32,45,13,14,13,5,44,14,49,13,26,43,17,27,36,18,35,14,13,35,13,50,15,42,11,27,8,14,45,23,8,10,33,25,3,3,1,25,4,41,32,15,13,45,8,16,28,33,40,1,9,20,50,41,2
46,42,8,36,49,12,16,45,45,33,35,48,22,31,38,3,7,20,37,48,19,41,33,1,43,50,15,8,12,14,4,12,11,37,6,20,24,21,16,5,19,37,25,23,25,36,17,9,3,45,13,22,6,46,22,47,38,9,17,31,40,48,44,26,38,1,9,42,3,49,9,49,27,11,33,40,7,7,46,30,12,10,35,48,16,16,9,26,24,22,1,10,39,26,27,8,3,2,19,24;44,3,35,38,35,18,23,20,32,7,34,17,11,25,48,42,33,2,37,35,35,29,7,30,13,42,49,27,48,35,31,18,25,28,40,7,16,29,29,47,38,44,2,37,16,43,23,5,27,29,4,25,44,14,14,8,10,39,15,33,13,2,34,5,29,11,19,29,7,30,24,43,22,23,2,9,39,47,8,7,23,44,8,36,5,6,36,45,33,24,37,13,10,50,27,26,45,7,48,38
22,10,47,29,9,3,10,11,3,39,18,35,43,27,34,12,23,32,1,34,24,13,11,47,31,32,24,38,12,25,15,43,48,43,13,43,34,17,10,20,40,12,6,14,34,30,23,46,47,24,2,47,32,25,38,34,41,19,7,41,27,7,25,13,30,50,10,45,42,19,29,40,15,27,40,48,16,1,35,47,4,8,4,8,16,47,23,7,5,16,13,16,3,16,17,28,26,5,20,47;34,18,36,35,28,14,22,10,20,28,31,17,10,49,26,2,2,45,6,34,20,34,9,31,8,48,9,7,41,23,44,41,5,26,49,49,22,36,49,22,27,33,21,40,35,40,31,7,6,8,21,48,1,9,48,15,20,48,20,50,32,14,29,40,48,28,29,25,35,7,42,30,37,47,26,8,31,42,14,39,31,14,31,42,34,32,31,34,21,2,46,19,34,47,2,19,37,38,29,26
49,5,36,41,12,7,34,44,45,15,34,19,3,4,7,6,45,38,22,15,45,28,4,25,20,35,18,32,14,31,27,43,36,26,47,6,35,46,32,48,35,29,7,13,23,50,6,29,17,22,39,16,9,17,16,21,3,20,7,47,7,1,28,3,40,48,14,12,33,30,36,42,44,1,18,37,13,22,38,40,19,49,46,5,6,45,40,14,11,36,32,47,25,12,19,30,45,19,21,17;26,45,40,15,44,40,19,4,10,24,8,26,50,14,24,49,44,15,46,30,47,12,13,37,44,25,50,1,5,8,7,9,3,5,49,13,3,12,47,1,27,27,11,4,34,23,16,21,1,47,9,14,32,33,11,45,27,46,40,40,23,17,43,20,40,17,31,50,28,42,29,22,7,20,44,6,34,18,39,49,35,9,41,22,27,6,43,32,5,42,44,44,6,31,27,39,44,43,32,15
25,24,26,34,23,49,30,11,3,21,17,8,27,50,50,15,8,48,37,2,50,1,32,21,8,15,27,10,13,41,38,22,26,32,5,28,46,43,26,12,6,1,37,4,30,43,12,16,12,1,29,41,34,44,31,8,6,30,48,7,43,8,8,41,32,46,16,15,20,1,6,34,32,17,22,44,23,16,27,8,11,46,15,12,6,23,4,45,41,30,46,3,40,2,9,2,18,22,21,40;14,9,39,12,37,35,18,44,48,45,4,28,49,37,5,9,13,8,13,30,31,17,15,39,41,31,7,30,46,44,19,32,34,1,9,7,8,17,18,26,17,15,30,7,3,19,24,23,30,23,28,36,39,26,45,50,38,6,44,8,42,26,35,5,10,34,40,44,6,19,47,9,19,44,18,7,24,13,45,31,46,29,14,28,5,32,35,22,42,20,3,49,30,28,2,34,36,24,13,3
48,18,10,6,40,26,45,11,28,5,18,46,9,13,18,38,16,16,44,42,37,32,47,33,43,23,50,25,14,7,2,33,12,13,34,12,16,6,43,16,47,32,46,33,7,11,43,6,30,13,14,19,8,10,33,47,50,50,28,24,35,34,17,26,7,48,13,5,5,36,43,11,22,21,6,21,46,34,6,3,32,2,8,36,11,34,13,1,49,49,4,36,45,35,39,40,47,13,21,20;50,14,37,22,8,49,21,26,35,36,17,24,5,17,15,30,6,27,8,33,26,1,11,34,1,15,33,44,19,34,31,12,44,13,30,27,41,1,8,50,46,49,26,48,44,28,2,15,43,39,25,18,19,43,45,31,4,27,31,4,37,44,6,48,3,30,10,10,21,38,44,45,28,21,47,9,2,27,28,35,14,21,47,10,20,6,7,4,32,36,25,34,7,38,26,2,10,31,20,40
24,37,49,49,2,18,41,28,36,10,1,33,31,9,11,47,29,26,8,29,42,6,24,29,32,5,9,2,13,20,14,14,49,19,42,33,27,2,38,33,17,4,27,23,14,6,49,43,23,42,2,43,33,37,1,34,3,10,16,34,20,41,47,14,47,48,13,9,44,8,15,1,8,36,12,29,4,28,47,22,26,1,26,45,9,14,28,33,30,43,18,40,10,23,29,11,22,16,20,42;38,30,38,20,1,44,19,16,23,5,11,26,2,40,44,40,25,20,27,33,11,6,12,36,46,21,41,21,11,21,44,34,23,9,40,21,46,6,27,24,38,38,43,1,14,24,10,17,22,18,42,40,27,37,29,38,15,37,35,22,5,5,49,35,21,49,21,4,49,15,12,34,42,46,19,8,42,22,34,17,24,41,20,16,48,32,49,43,17,13,35,38,32,35,2,46,2,11,1,27
1,32,41,11,5,22,15,11,30,37,17,17,42,36,35,41,1,31,29,10,13,19,18,8,22,8,4,47,13,24,24,14,39,2,26,46,28,31,9,9,13,21,28,23,3,26,34,26,43,40,41,13,10,29,27,19,15,9,18,40,2,35,50,3,7,45,19,25,35,17,20,6,40,11,40,17,50,48,49,15,41,42,19,40,1,12,44,39,34,14,37,22,32,21,30,14,41,32,22,12;30,7,42,1,15,22,17,12,13,3,38,35,44,7,42,37,17,41,18,29,38,32,19,42,32,49,32,17,26,5,6,2,23,40,40,35,26,33,26,2,38,32,35,15,12,7,47,31,17,7,31,4,8,12,45,18,22,34,6,11,45,9,13,14,16,36,21,28,40,50,50,24,11,16,39,6,46,48,9,25,28,37,30,49,41,6,11,41,3,4,32,15,3,19,29,17,12,17,4,19
27,50,28,4,15,13,9,28,38,42,50,4,14,32,30,50,17,41,43,46,18,42,45,4,10,40,14,27,15,34,37,43,26,8,33,17,39,27,4,26,31,46,8,13,10,20,40,11,39,19,28,37,37,9,42,8,18,20,7,50,38,44,31,41,49,43,20,29,24,40,42,46,25,26,44,25,10,41,40,33,33,41,37,49,49,42,9,21,15,7,1,27,46,10,20,33,14,35,23,37;18,22,41,47,8,18,17,50,1,22,35,35,41,29,23,47,36,33,37,29,22,39,20,45,27,5,39,44,18,42,19,25,2,36,49,29,33,39,47,28,28,20,2,18,30,4,3,33,46,34,49,29,15,6,27,25,34,44,10,29,13,20,7,49,34,4,32,25,19,27,17,13,25,40,13,7,36,45,15,7,39,7,3,5,19,32,5,29,40,31,41,20,26,16,4,10,3,47,35,7
50,44,15,25,33,41,24,28,11,26,50,44,48,45,46,24,23,9,1,38,5,25,10,15,46,48,36,40,15,2,1,4,13,39,13,1,7,39,21,29,24,24,18,44,37,37,21,3,6,31,16,15,9,24,46,45,9,41,36,17,30,18,39,28,24,46,18,19,9,23,29,25,18,30,28,2,33,10,18,28,4,45,33,21,4,3,18,27,22,26,10,9,2,41,1,21,43,24,22,15;4,25,40,7,30,31,18,34,36,14,48,30,46,11,33,18,31,3,32,30,17,22,16,39,37,37,15,8,40,31,32,5,12,46,21,49,15,24,37,50,7,4,48,9,23,15,33,25,9,2,45,10,45,22,29,6,48,15,47,26,8,38,28,42,29,2,2,40,35,46,15,48,34,18,42,6,14,9,50,13,6,49,37,34,34,6,27,11,29,47,14,5,5,26,28,29,28,4,42,41
26,13,2,18,43,30,19,44,20,31,33,31,20,41,39,32,36,19,15,23,8,47,38,12,34,28,45,19,14,13,14,33,50,45,20,22,17,35,15,44,42,48,48,34,46,32,27,40,50,10,4,38,35,2,12,32,12,1,27,28,15,27,20,16,15,45,17,22,46,45,49,15,4,45,34,10,43,4,9,45,48,43,1,31,1,34,30,8,3,20,24,16,17,31,40,42,16,29,23,40;42,41,41,4,22,27,16,22,24,33,44,33,45,34,14,28,48,46,1,29,2,27,17,42,34,43,24,37,32,18,45,30,43,44,30,43,21,28,6,27,46,43,15,12,42,11,39,29,38,29,12,32,2,16,11,13,11,25,1,44,26,49,20,27,47,19,11,34,14,23,32,37,48,42,15,7,6,4,4,43,17,17,7,43,12,32,19,2,16,25,23,9,29,21,3,22,20,37,23,29
36,50,19,22,8,25,8,47,43,38,40,34,22,14,36,46,50,25,34,46,38,29,23,31,8,45,2,35,9,16,36,19,30,18,29,18,36,44,16,24,23,19,30,1,35,42,46,1,11,14,33,40,49,34,44,26,42,28,48,33,40,44,42,44,36,15,40,30,16,4,27,15,25,45,34,2,39,15,19,46,40,42,2,35,46,32,18,13,19,28,4,50,34,16,3,40,25,49,15,44;3,24,23,4,9,2,33,16,47,7,19,34,44,9,15,20,3,12,9,46,49,32,37,5,18,42,4,10,31,19,2,46,41,49,9,35,8,33,25,35,17,46,24,39,16,6,40,7,5,29,34,10,29,9,18,49,5,16,42,12,35,9,15,10,48,43,36,20,45,46,9,6,24,36,26,13,6,31,18,30,32,49,7,22,42,5,21,34,18,20,17,20,23,5,21,32,41,49,48,2
12,19,7,15,20,16,4,14,1,43,22,20,44,8,32,3,15,35,48,34,43,4,2,27,46,25,11,15,9,27,49,48,19,25,36,39,47,40,10,41,43,42,11,42,42,36,2,37,6,43,23,15,25,14,9,13,44,38,38,43,25,1,22,32,26,13,41,33,5,27,48,5,11,11,40,10,46,9,8,14,33,41,21,45,43,13,30,45,50,22,18,7,49,6,43,10,48,1,16,17;41,40,25,1,2,45,31,4,35,26,13,36,42,32,45,30,22,7,28,45,35,38,38,8,15,48,13,39,23,6,15,19,21,45,18,29,15,40,45,12,6,35,44,42,36,2,47,9,34,6,1,32,34,4,50,6,18,25,47,30,3,20,7,47,16,10,45,16,24,23,27,45,39,10,48,12,48,26,23,12,43,17,30,28,20,31,15,23,5,49,28,25,47,2,46,25,33,29,29,40
35,13,43,38,39,44,19,14,26,27,24,11,28,23,47,28,22,3,6,25,30,35,17,38,32,32,33,27,9,42,13,9,5,5,15,23,15,2,27,45,34,22,20,23,19,5,33,27,24,5,8,43,50,29,14,2,36,7,18,10,17,27,31,19,1,15,39,23,40,10,34,32,4,15,22,37,19,27,37,9,5,45,16,17,48,24,39,1,9,40,26,38,7,39,22,48,27,43,15,46;25,44,23,12,24,10,34,38,21,17,26,32,48,14,6,1,18,24,24,46,30,20,36,4,25,30,37,3,45,45,27,48,32,7,40,49,46,24,35,34,36,19,39,34,27,13,24,1,47,24,47,13,16,21,2,38,34,47,33,27,48,38,28,40,9,8,15,30,38,42,24,31,45,38,27,13,24,40,7,16,11,11,14,8,35,5,37,5,44,15,48,10,24,11,20,42,7,36,38,26
11,32,30,29,49,35,15,30,35,32,7,47,50,17,41,37,37,13,20,11,35,7,45,35,20,13,42,7,10,5,26,38,43,12,23,44,26,48,21,10,5,46,50,13,26,49,39,14,17,34,46,16,24,7,29,39,39,18,7,21,2,34,11,7,43,15,40,27,29,32,5,24,40,30,28,44,29,21,28,28,46,44,34,26,48,4,3,32,38,34,40,44,19,27,12,19,2,46,16,19;13,10,24,9,15,6,33,26,9,38,23,34,47,37,36,11,34,19,40,46,16,25,36,5,22,36,46,30,39,32,39,21,12,3,49,43,3,29,4,10,27,8,7,37,46,10,32,3,26,1,16,36,21,15,34,43,44,6,38,45,17,49,20,25,30,25,26,26,17,19,42,18,10,12,1,12,16,35,12,48,21,29,34,14,13,31,29,43,31,43,8,14,48,7,46,37,49,19,19,14
38,27,22,42,2,39,39,14,26,9,23,32,11,46,14,31,9,18,39,42,6,22,36,13,11,18,38,2,10,9,35,40,31,44,7,7,27,27,43,38,50,11,1,13,15,20,22,45,37,32,35,37,1,48,5,26,3,17,9,26,35,27,14,44,3,10,44,43,20,41,11,27,21,5,6,33,26,41,29,19,12,35,25,21,38,2,20,39,44,5,9,24,41,25,13,22,19,10,18,39;7,37,26,41,32,32,30,22,50,35,50,43,37,2,33,8,26,37,33,42,40,3,42,11,6,14,38,26,2,17,2,39,10,34,49,7,33,6,4,38,27,1,49,50,45,43,19,17,21,40,4,2,4,38,50,23,1,4,8,34,8,2,35,4,22,14,26,1,9,4,30,10,30,33,19,11,20,12,38,8,25,25,47,47,6,6,41,41,17,33,5,41,20,43,23,8,8,22,20,6
14,45,11,35,11,31,33,30,35,14,6,18,33,40,9,40,22,28,3,27,11,45,16,9,49,48,47,31,10,20,46,19,20,1,15,28,37,23,38,2,19,36,32,3,23,12,28,32,31,11,22,10,26,28,22,13,4,27,47,37,20,37,45,34,43,10,46,47,7,14,32,17,7,20,12,40,35,34,20,39,3,33,45,30,38,32,34,20,23,49,23,30,5,15,5,41,44,12,17,12;45,1,27,36,25,27,29,12,38,4,46,43,36,26,13,17,45,32,50,42,26,8,44,13,3,20,45,3,44,3,15,12,39,30,9,50,38,10,23,14,17,40,16,3,14,39,26,19,50,18,21,24,10,34,34,29,12,15,13,50,27,14,29,39,40,31,37,45,38,31,47,47,42,7,43,12,10,8,43,40,36,45,19,3,34,32,33,32,4,11,14,46,45,40,48,3,50,5,1,44
37,38,46,8,30,8,50,30,10,48,5,7,16,5,25,12,31,47,12,19,48,26,30,21,35,5,20,44,10,38,10,30,6,31,44,12,7,36,5,6,12,16,41,32,49,31,9,24,50,23,10,38,50,41,25,2,47,48,27,4,12,11,3,19,18,13,43,37,42,49,18,46,47,24,44,17,6,3,49,34,25,38,39,2,43,43,44,26,31,15,32,13,13,46,33,31,23,4,15,41;29,5,26,47,45,41,32,44,24,45,9,38,41,5,24,39,41,50,45,45,21,43,40,8,13,2,21,17,16,43,28,42,49,41,28,21,20,45,14,36,46,24,11,45,5,48,5,11,13,34,20,6,41,48,34,11,28,35,49,48,22,31,50,32,35,29,7,10,2,50,44,32,1,35,22,13,38,22,27,44,3,37,1,34,49,6,7,14,42,27,37,29,22,48,22,20,25,12,10,28
13,8,33,1,40,48,43,47,18,3,38,45,38,49,21,22,44,6,27,7,3,48,8,17,23,38,29,22,9,48,23,9,43,38,49,34,16,33,49,23,30,39,21,22,8,25,15,11,44,2,47,12,25,21,40,39,50,9,18,16,47,20,34,7,11,12,45,40,31,19,41,36,35,39,50,25,16,47,40,1,18,36,7,11,41,21,8,7,12,11,46,18,26,35,23,50,46,7,16,14;17,21,25,44,38,36,30,32,12,16,3,40,38,29,4,49,8,44,14,45,7,48,41,10,8,8,28,46,8,30,39,16,30,36,40,15,26,1,33,13,36,13,29,48,25,44,11,15,42,11,37,28,47,44,16,18,39,44,4,16,40,41,42,19,3,47,16,5,31,27,12,21,15,9,47,12,28,17,32,26,14,7,24,41,27,32,49,2,30,4,46,35,46,45,47,15,17,42,41,18
40,1,24,11,43,4,18,28,9,30,4,30,49,26,44,15,16,12,45,36,24,13,1,45,11,41,24,19,12,4,33,11,33,20,36,47,19,11,21,49,28,6,23,22,48,45,50,42,14,50,37,32,2,13,18,24,13,8,17,20,28,13,37,47,20,8,49,7,22,28,46,40,16,14,29,14,13,18,42,44,34,27,50,8,33,21,25,14,16,30,15,50,48,32,25,3,15,23,18,34;11,48,29,26,4,14,28,28,1,12,30,49,31,44,3,46,49,13,5,41,31,25,46,16,44,37,19,40,21,16,4,32,28,18,40,28,7,28,33,40,36,6,21,12,21,27,48,27,37,50,25,44,30,17,32,48,46,44,24,4,30,44,6,46,45,33,18,29,21,12,50,11,34,31,14,10,31,44,8,36,16,3,36,21,20,6,12,50,14,45,43,12,18,31,24,35,26,48,44,7
16,22,14,4,5,43,13,45,18,35,37,16,21,22,37,25,29,24,10,23,29,35,29,41,50,23,33,46,11,15,45,40,21,27,43,20,30,8,15,16,46,28,3,12,5,40,6,29,7,29,24,6,28,40,33,13,16,18,8,32,15,21,17,34,13,8,50,10,11,1,18,31,2,29,35,21,23,12,33,12,25,26,18,16,31,49,39,46,48,26,27,6,12,21,14,24,38,25,17,9;49,14,30,21,48,10,28,18,40,33,27,49,27,17,31,5,18,8,24,40,17,31,47,19,41,41,27,20,15,3,17,7,9,13,49,20,12,32,2,15,27,45,38,14,41,24,7,31,16,29,44,17,35,11,16,3,8,3,29,21,48,5,49,34,14,3,28,26,50,39,18,50,48,6,39,11,23,38,13,18,26,22,7,29,49,32,4,39,1,22,2,15,42,26,48,28,18,28,23,45
39,14,48,28,21,20,28,47,43,19,39,5,5,37,3,47,37,40,17,15,16,17,44,5,35,30,6,9,11,31,9,1,7,7,22,2,48,19,32,19,39,8,12,43,32,7,35,19,26,41,10,34,2,5,38,50,7,37,38,49,7,44,25,21,36,10,47,50,46,36,4,10,43,33,16,48,45,28,11,7,47,32,13,40,36,10,49,1,4,43,37,37,20,4,45,12,17,17,18,37;33,17,29,33,18,23,29,50,25,24,40,45,33,49,42,27,14,25,19,41,12,13,45,14,49,25,2,33,38,40,28,37,19,26,18,42,45,17,43,39,6,29,34,6,34,35,34,23,29,45,40,48,17,28,16,36,25,25,17,18,45,23,21,26,8,49,47,41,16,8,15,35,7,33,18,11,1,3,49,22,46,15,40,9,13,6,27,20,39,38,25,50,19,36,23,45,42,35,32,31
15,33,37,20,33,12,22,14,1,25,22,43,27,31,48,6,50,2,31,50,19,39,21,49,23,11,15,39,10,43,22,30,44,14,28,25,9,15,26,34,8,31,42,32,39,1,41,5,20,20,49,9,27,33,3,37,10,48,27,9,42,4,6,9,28,10,47,3,33,8,25,50,28,49,23,6,3,24,50,26,40,29,32,49,34,41,11,33,35,36,1,43,33,42,35,34,42,20,17,9;21,33,28,28,11,19,28,40,13,43,36,47,32,20,22,36,33,20,36,41,48,20,44,16,46,31,12,11,30,27,41,10,48,22,30,36,50,21,12,14,46,18,3,9,1,31,42,25,8,24,7,20,22,21,50,41,35,34,20,36,11,35,14,11,27,16,6,35,45,35,32,24,21,7,40,11,41,47,2,4,5,33,13,15,41,32,19,11,26,16,34,6,43,33,49,40,34,15,13,19
43,28,29,33,36,16,46,45,43,1,38,27,38,8,22,50,22,5,2,32,42,4,14,27,14,14,11,34,11,47,32,30,34,46,14,36,12,46,50,12,5,48,44,33,28,21,26,39,40,18,36,28,4,27,29,24,23,49,28,15,22,47,9,49,38,5,3,20,24,17,32,4,10,23,1,44,50,44,4,17,3,20,24,44,26,38,28,38,39,7,18,23,4,40,36,34,11,34,18,29;15,10,32,10,27,45,25,36,4,42,13,6,22,37,21,34,25,38,27,39,22,46,1,22,32,9,1,6,43,13,3,28,48,3,30,50,30,48,12,43,46,11,43,23,50,14,27,39,3,13,47,37,5,47,16,21,42,32,40,25,3,38,28,41,19,5,8,10,36,20,20,14,40,28,10,10,45,24,28,14,9,30,25,47,34,6,32,9,12,6,31,33,15,19,24,11,44,21,16,9
18,46,16,24,46,8,42,11,3,7,21,14,10,4,15,9,38,17,16,17,47,26,42,23,2,46,20,13,12,8,45,11,21,2,22,9,20,42,44,27,24,22,24,24,35,16,32,26,33,47,26,3,29,4,44,11,25,9,17,25,10,5,39,36,30,5,5,23,13,40,2,45,46,39,7,2,10,37,43,37,47,19,43,3,26,19,42,19,20,1,32,30,19,30,26,6,34,37,19,4;3,25,33,6,19,40,26,24,43,10,7,8,21,11,49,43,41,33,46,39,8,1,3,22,27,15,10,34,34,50,16,50,26,49,40,42,37,3,31,18,36,50,12,25,19,10,35,41,32,40,14,9,13,40,48,28,3,41,45,43,22,49,20,26,37,22,18,4,14,47,38,1,4,2,34,9,35,20,33,46,19,48,46,3,13,32,24,48,50,34,40,36,38,14,49,6,35,2,45,47
42,41,1,47,14,35,7,11,26,41,20,2,43,17,33,34,44,34,24,9,32,8,7,37,38,3,43,26,10,26,8,22,8,33,49,41,40,4,9,30,17,3,33,3,12,32,13,16,3,9,11,31,3,20,49,50,19,28,47,42,50,30,48,22,3,8,50,13,48,23,39,21,38,43,39,29,32,6,22,32,19,25,36,25,29,30,1,27,29,20,40,11,25,11,4,44,13,28,18,32;37,28,31,18,41,5,27,6,28,2,23,2,26,40,12,15,37,1,41,40,3,36,48,19,37,47,36,47,7,40,30,30,37,9,9,14,17,37,22,42,17,34,8,17,10,20,13,33,45,6,11,41,43,7,48,9,19,13,33,39,16,17,43,19,32,20,37,20,29,16,35,37,13,30,11,10,13,35,19,50,37,40,29,35,27,6,48,29,38,50,11,21,17,24,23,23,10,9,4,33
17,9,40,40,24,26,3,28,34,46,3,39,16,13,26,43,9,45,38,44,37,32,35,33,26,34,2,4,11,37,19,1,45,39,6,15,1,50,4,45,35,25,13,43,21,27,19,2,46,38,49,3,30,47,14,37,20,39,38,3,37,38,28,11,45,5,1,17,37,45,9,12,24,8,45,37,42,50,13,49,12,21,6,35,28,8,16,8,10,13,4,17,40,1,46,15,36,31,19,7;27,44,30,13,34,49,27,46,16,21,17,4,23,14,40,24,6,46,10,39,39,41,50,20,34,3,44,27,1,27,41,3,17,5,18,6,25,43,41,16,7,23,25,20,30,18,21,35,24,34,28,13,48,1,32,16,30,22,38,7,35,26,36,4,50,37,49,16,7,43,3,26,25,4,35,11,3,29,24,32,48,10,2,41,6,32,40,18,25,29,22,27,41,21,49,16,2,41,35,21
22,8,10,42,16,5,36,3,32,33,5,4,12,8,14,19,28,50,46,26,16,28,31,43,4,25,28,50,24,23,25,43,21,9,15,1,15,30,18,47,16,19,34,21,7,34,48,32,8,30,31,45,19,31,27,31,1,26,35,1,15,47,14,21,24,10,34,15,29,1,15,31,40,10,26,49,29,11,21,46,20,17,9,37,27,22,10,46,46,49,17,28,34,21,26,31,36,35,17,20;41,18,44,31,49,8,49,25,33,3,25,21,19,4,19,44,36,44,29,15,16,7,11,36,15,27,14,22,12,18,12,17,16,15,22,25,8,26,27,9,42,42,40,28,17,35,3,50,18,47,37,11,39,11,30,44,8,28,48,1,40,31,3,13,2,26,15,22,31,47,6,23,44,39,44,9,39,15,11,19,40,4,26,11,10,48,26,12,32,9,4,42,28,39,20,6,46,3,3,40
47,27,49,35,28,47,32,20,42,38,38,41,34,5,7,28,41,12,10,11,21,50,8,37,42,5,38,30,24,34,38,23,8,17,20,24,25,27,13,12,36,44,13,11,15,28,5,19,1,9,21,18,44,10,42,18,2,37,25,12,50,6,44,8,17,10,34,18,18,23,35,22,26,26,30,7,39,5,12,16,14,16,29,47,27,3,24,28,27,43,31,35,47,11,16,3,9,38,18,42;29,34,45,26,42,4,49,13,22,22,19,23,18,27,50,4,5,39,48,15,2,12,12,38,13,33,24,50,4,4,25,39,46,11,32,17,15,33,47,33,32,30,7,31,37,31,10,4,47,25,6,35,47,7,12,49,18,37,3,19,8,41,47,48,20,43,24,16,9,24,23,9,9,13,19,8,31,10,17,1,1,24,49,17,39,22,18,50,19,38,15,47,2,37,45,1,38,33,34,28
21,21,33,8,47,24,47,20,16,22,38,29,18,17,23,1,49,28,18,3,8,32,23,1,28,12,10,43,24,2,2,33,45,46,49,6,43,40,30,15,27,24,22,40,41,45,35,8,21,21,7,46,18,23,47,7,45,6,5,29,43,30,1,46,40,10,31,6,3,8,22,1,18,32,14,34,12,23,40,10,35,20,22,19,31,14,33,34,36,10,39,15,5,42,45,41,38,29,17,20;13,37,43,38,12,19,50,47,9,16,32,16,23,7,10,26,48,8,43,16,45,47,8,33,22,17,50,15,26,42,36,19,7,21,1,39,48,15,37,7,13,14,3,24,28,41,37,46,10,41,3,15,27,24,14,31,34,9,41,15,3,10,18,41,13,39,44,32,24,43,21,45,17,40,46,10,7,24,50,5,21,16,30,49,3,48,39,32,9,4,36,32,29,46,19,18,12,40,41,12
46,40,22,1,7,16,40,37,24,28,23,16,40,14,18,10,12,40,32,38,11,6,1,47,16,42,19,22,23,12,13,12,32,2,7,30,4,34,24,32,48,46,2,31,48,40,42,45,14,50,44,20,43,3,12,44,48,16,46,41,28,39,31,33,32,10,32,11,42,28,42,41,4,45,20,41,20,17,30,28,29,19,41,28,29,42,47,15,17,5,3,22,19,31,37,12,11,32,18,45;1,3,43,34,5,13,48,35,47,34,28,19,20,31,41,35,17,1,12,16,31,2,10,35,20,21,7,43,20,29,49,44,37,19,11,31,3,22,8,32,2,3,22,25,47,39,45,48,39,18,20,39,32,18,46,37,47,18,44,33,22,20,11,28,34,8,3,26,2,20,38,34,30,15,20,8,49,19,6,37,32,36,3,5,32,22,31,21,46,32,45,36,3,44,44,11,4,23,22,50
24,35,12,14,10,20,15,20,17,4,37,50,1,40,41,4,34,44,3,20,34,19,44,25,7,48,15,17,25,18,24,14,22,37,41,40,7,15,46,8,43,13,4,30,38,10,24,29,34,48,33,40,20,45,40,31,11,17,46,45,10,32,36,23,42,8,36,28,33,40,49,45,35,20,48,30,18,36,33,21,42,10,33,23,22,42,14,22,21,24,22,2,41,28,38,15,30,48,20,15;45,30,46,16,21,40,46,31,36,31,5,27,12,46,37,32,9,20,3,14,7,30,16,41,3,50,48,37,33,15,14,10,35,48,13,47,32,48,6,9,2,47,12,39,46,20,32,12,34,7,9,3,15,41,12,17,2,16,14,22,13,23,25,5,26,45,5,1,45,5,26,24,50,37,40,7,3,45,31,47,33,31,15,35,24,49,46,19,30,22,42,13,25,27,21,34,13,26,25,41
49,3,1,5,19,11,10,36,26,9,20,39,23,37,35,13,49,5,17,7,37,43,22,21,45,28,24,45,25,29,35,44,9,43,49,14,18,11,42,25,14,36,34,21,47,4,31,15,28,27,20,14,45,22,5,18,14,28,34,7,45,40,17,10,34,6,38,31,20,10,19,36,21,35,2,38,26,30,22,39,36,8,1,32,19,20,28,3,2,20,36,8,4,17,28,34,5,1,19,38;33,46,48,11,15,36,47,21,25,2,2,30,9,19,18,42,28,14,20,13,43,35,16,41,1,6,6,16,25,2,25,35,14,44,22,39,40,3,26,36,42,36,31,42,13,16,39,14,13,36,27,27,22,37,46,24,15,25,19,40,32,34,17,43,44,14,14,47,24,32,44,13,12,11,12,8,43,42,37,30,44,1,36,41,3,23,38,9,18,50,1,18,50,25,47,27,5,7,6,29
23,46,36,28,38,39,25,37,1,44,21,27,7,49,2,37,6,22,25,49,24,24,36,33,31,35,47,7,25,47,49,4,45,24,28,46,36,23,7,28,5,16,43,50,22,21,11,5,45,39,8,42,19,38,8,5,5,47,14,24,38,15,25,46,7,8,35,21,5,45,6,12,11,41,36,15,49,49,1,33,7,14,47,4,24,31,38,9,8,37,45,41,11,50,6,24,32,42,20,17;17,48,46,23,35,49,48,3,10,43,15,23,14,1,28,13,21,32,17,14,36,17,14,38,10,39,31,30,48,41,38,14,27,6,42,11,20,37,16,8,23,19,27,33,6,28,18,6,26,2,23,7,2,1,46,6,31,47,7,37,27,2,40,35,39,10,34,10,38,1,41,48,21,37,41,9,21,4,20,33,12,44,20,23,17,48,10,39,6,16,24,3,26,34,20,44,30,16,13,15
48,14,25,21,48,28,21,3,9,49,4,14,29,46,46,45,21,34,39,34,29,47,14,29,19,17,6,37,24,7,12,33,34,30,36,19,46,19,1,43,25,41,23,40,31,15,18,42,41,18,46,17,45,17,23,44,8,7,5,34,23,23,6,33,49,8,37,25,44,17,28,3,49,4,42,22,9,43,42,3,1,11,15,14,24,11,50,40,40,31,9,45,26,40,46,43,7,45,19,40;5,14,45,18,28,45,48,43,48,12,9,25,13,24,9,23,40,27,34,14,22,22,15,41,6,45,41,9,39,28,1,37,5,2,1,3,27,42,37,35,13,8,44,36,26,24,24,8,5,31,40,31,10,47,28,11,41,6,12,4,45,13,32,20,7,28,45,7,17,28,9,37,35,13,15,8,11,1,26,15,23,11,42,29,46,23,2,30,43,43,33,7,1,30,46,39,22,46,44,3
26,9,17,33,1,34,45,36,1,25,20,48,39,22,19,38,41,39,10,15,2,12,7,7,9,21,49,32,25,11,22,33,22,13,20,32,48,48,25,21,21,6,25,42,20,35,2,26,10,16,35,36,22,9,1,29,20,8,4,40,3,16,8,23,9,5,41,41,35,27,33,7,29,29,21,11,6,12,43,44,14,2,8,11,14,9,19,47,43,1,26,28,48,36,48,46,26,9,20,10;49,41,49,50,44,23,44,37,39,10,36,34,4,39,5,20,32,45,25,10,48,50,20,47,41,22,30,3,2,12,14,5,3,33,1,17,7,19,35,12,13,2,36,50,22,7,11,22,50,20,30,46,41,20,44,43,48,4,30,44,37,17,46,50,49,16,45,31,9,13,47,27,6,34,33,6,14,27,1,26,26,9,5,12,39,49,14,27,27,34,30,34,23,15,21,9,31,50,47,43
2,28,4,24,13,24,39,3,9,31,3,37,13,17,15,48,6,49,24,1,5,34,35,3,48,1,8,12,26,22,34,15,10,19,27,3,8,44,19,36,39,30,5,30,27,30,9,12,4,45,22,11,47,36,16,16,23,19,45,50,40,26,39,11,1,3,42,45,24,49,6,48,17,44,25,18,15,6,34,13,7,1,26,18,14,39,31,28,25,45,40,32,10,26,39,17,49,12,21,33;37,7,50,48,36,16,44,27,26,29,32,36,3,12,36,30,1,40,44,10,34,5,21,47,39,28,39,30,46,49,26,28,34,29,13,10,12,25,4,39,2,41,3,3,42,3,20,24,29,46,47,20,48,14,28,48,9,13,35,12,5,28,39,35,18,34,7,25,38,40,14,16,18,8,7,7,6,22,6,8,37,27,25,18,17,23,8,16,14,11,39,39,47,13,46,4,23,32,28,31
25,22,40,48,29,1,6,3,34,15,3,25,45,31,30,22,13,15,31,43,42,15,49,15,33,10,31,24,24,40,48,25,48,50,6,37,26,7,36,40,32,11,14,11,4,49,37,2,21,7,8,39,21,2,21,5,17,38,25,17,31,49,47,48,24,6,40,35,9,32,42,26,7,50,8,45,36,24,13,8,29,7,20,42,19,50,41,34,31,14,48,15,18,7,18,5,28,3,20,12;21,11,47,8,8,32,45,9,13,21,46,30,8,42,46,1,47,7,39,11,27,40,17,44,46,10,15,46,17,39,38,7,44,40,32,31,45,9,45,11,32,24,49,44,33,14,47,16,42,14,44,49,28,30,28,29,25,35,23,8,50,46,12,28,12,32,26,41,2,9,11,2,27,36,36,7,34,36,42,12,5,19,9,48,32,49,30,48,5,27,12,22,24,22,20,21,47,39,35,17
