4 5 9 1 13 14 11 16 19 17 10 6 8 12 18 0 3 7 15 2 
0 8 3 10 19 18 17 6 9 15 13 7 16 4 14 2 11 5 1 12 
11 14 16 15 6 9 2 0 12 10 8 18 3 13 4 19 7 17 1 5 
9 0 10 15 17 13 11 1 19 14 3 8 7 6 5 2 18 12 4 16 
1 4 18 11 6 12 16 3 15 7 17 13 0 19 5 9 14 2 10 8 
11 17 16 18 0 7 5 3 2 15 13 10 4 6 12 1 19 9 14 8 
1 3 6 2 16 14 11 15 4 12 17 5 19 18 9 13 0 10 7 8 
19 12 18 15 14 1 5 7 4 13 16 9 2 6 17 10 3 0 11 8 
0 9 7 4 10 12 17 18 6 13 16 11 2 3 5 19 8 15 14 1 
9 13 16 5 1 4 2 12 0 14 8 15 17 18 11 7 10 3 19 6 
12 11 5 8 3 2 14 6 10 9 19 17 0 13 15 4 18 16 7 1 
5 4 13 14 12 7 3 11 16 2 18 19 0 17 9 10 8 6 15 1 
18 1 9 3 8 11 17 14 0 4 5 6 15 13 7 19 12 10 16 2 
12 16 10 1 4 5 9 11 0 19 18 3 14 6 8 15 7 17 13 2 
15 14 17 2 0 5 18 1 10 6 13 4 8 11 19 3 16 9 12 7 
14 19 15 5 7 2 0 9 13 10 18 4 3 17 11 8 12 1 16 6 
19 13 6 0 5 4 14 15 18 9 3 10 1 7 12 2 16 11 17 8 
17 10 6 9 8 2 14 3 16 11 7 15 13 1 19 0 4 18 12 5 
6 16 17 11 19 12 1 7 0 18 14 3 9 10 5 4 2 8 15 13 
8 4 10 19 6 17 2 18 15 5 12 0 14 13 9 3 16 1 11 7 
19 18 7 0 14 6 3 17 2 11 15 8 10 1 12 13 4 9 5 16 
9 6 1 11 17 12 0 15 18 2 8 10 16 7 4 3 13 14 5 19 
15 10 13 4 1 5 2 9 18 17 0 7 6 16 19 12 8 11 3 14 
1 2 8 11 17 16 12 13 0 10 7 3 15 6 19 5 9 4 14 18 
18 12 10 11 1 7 6 2 5 15 16 14 0 17 9 4 3 13 8 19 
8 2 4 5 3 0 11 12 10 16 14 15 13 19 9 18 7 1 17 6 
10 3 2 14 7 12 1 11 5 19 18 8 16 4 17 0 15 6 13 9 
19 8 7 0 3 16 14 17 9 18 5 6 15 12 13 11 4 10 2 1 
18 15 11 17 3 5 9 1 4 2 14 13 19 6 10 16 8 7 12 0 
17 12 18 7 8 0 16 3 5 14 2 13 9 15 6 19 1 11 4 10 
2 5 9 8 18 15 16 13 17 10 12 7 11 4 19 0 14 1 3 6 
7 2 6 1 13 18 11 19 4 17 15 16 3 10 0 12 5 9 14 8 
14 16 12 6 5 0 1 3 4 18 9 15 10 2 13 17 7 11 19 8 
3 2 6 7 4 18 17 11 10 16 13 0 19 9 15 14 5 12 1 8 
9 6 4 3 13 17 19 15 16 12 14 8 10 5 18 0 2 1 7 11 
16 10 12 15 4 7 1 9 8 3 18 11 14 13 19 6 17 0 5 2 
18 15 17 7 5 8 16 3 19 2 10 11 0 1 14 9 13 4 12 6 
12 15 0 6 16 4 5 14 1 17 7 19 2 13 18 8 10 9 11 3 
6 11 8 10 5 16 0 18 2 13 17 3 12 7 19 1 15 4 14 9 
9 8 5 14 16 15 2 18 11 3 17 1 12 7 4 10 6 13 0 19 
10 18 16 5 4 12 6 7 17 13 15 2 3 1 14 8 11 9 0 19 
8 0 5 14 15 12 16 6 10 18 3 11 17 2 7 9 4 19 13 1 
14 17 5 6 3 15 19 4 16 1 9 11 7 18 12 2 10 0 13 8 
8 1 13 11 10 7 2 16 15 9 0 14 3 17 12 6 18 19 4 5 
11 18 1 6 4 9 5 14 17 10 13 15 8 12 2 7 16 19 3 0 
8 1 7 3 17 14 11 10 0 18 9 12 19 15 16 5 2 13 6 4 
11 14 17 3 10 2 6 8 0 9 16 4 13 7 12 18 1 15 19 5 
15 16 1 7 0 8 18 5 19 14 2 12 17 4 13 9 11 3 10 6 
16 4 8 0 12 5 11 3 7 6 10 1 15 2 13 18 14 19 9 17 
7 9 11 4 17 10 15 0 5 18 14 12 19 16 2 3 13 6 1 8 
