27 11 17 10 26 21 14 22 29 8 3 1 2 5 9 28 13 25 12 7 19 24 20 15 23 4 16 6 18 0 
18 24 13 28 12 27 9 1 16 4 2 0 14 11 19 23 10 21 29 15 26 25 20 8 3 5 17 22 7 6 
8 25 14 26 24 13 27 10 21 12 22 29 1 9 7 15 20 19 23 6 28 3 5 17 16 0 2 4 11 18 
9 5 3 2 15 22 25 16 23 24 12 21 18 14 20 10 19 17 11 6 28 13 29 1 26 7 27 4 8 0 
18 15 5 8 9 24 1 27 4 14 25 19 12 23 21 10 28 22 17 11 13 7 26 6 29 3 16 0 20 2 
3 0 6 4 10 15 20 13 28 11 22 23 16 12 5 18 25 14 1 29 26 19 27 2 24 9 21 7 17 8 
23 19 29 10 26 7 3 5 2 24 15 12 17 20 6 13 16 21 25 27 0 18 11 1 22 8 9 4 28 14 
14 12 19 21 24 29 2 9 13 0 1 8 15 17 26 28 27 23 25 11 7 16 3 10 22 5 20 4 18 6 
29 19 18 17 23 14 7 2 5 1 0 10 20 28 12 16 11 13 24 26 15 9 22 4 27 8 21 6 25 3 
5 2 8 4 24 23 19 11 17 13 28 20 14 27 26 25 21 18 12 22 6 7 15 10 9 3 16 1 29 0 
22 23 11 20 28 24 19 29 14 7 0 2 26 8 10 1 5 16 6 4 12 9 27 13 18 21 25 15 17 3 
18 25 21 16 2 6 4 1 0 24 20 17 14 26 11 13 10 22 27 19 23 7 3 28 12 5 15 8 29 9 
29 17 19 14 22 2 8 4 9 6 1 24 13 20 18 21 12 26 16 25 10 28 15 23 5 7 11 3 27 0 
19 10 12 23 26 28 3 9 0 24 15 1 16 27 13 18 20 4 11 8 21 17 2 22 5 14 6 29 7 25 
26 19 23 20 14 16 3 2 8 1 9 25 24 13 28 17 27 15 4 22 5 11 21 29 18 12 7 0 10 6 
19 21 5 26 3 7 11 23 15 12 17 14 27 13 24 22 0 18 6 10 29 8 25 2 16 9 28 1 20 4 
10 21 18 17 28 5 2 26 22 19 9 8 27 6 13 29 24 11 25 14 16 23 4 0 15 3 20 1 12 7 
21 25 19 6 1 9 5 27 26 0 22 13 14 12 28 24 11 10 29 18 15 20 2 23 16 7 8 4 17 3 
24 7 0 21 19 9 2 15 3 17 18 22 6 10 16 23 29 20 12 28 27 13 14 11 25 1 8 4 26 5 
4 15 0 11 1 16 20 13 28 17 26 12 14 25 29 2 5 18 10 24 19 23 27 22 6 3 8 7 21 9 
17 23 19 16 5 8 29 14 24 7 10 25 9 3 27 0 12 15 11 6 13 26 20 21 22 1 18 2 28 4 
2 9 0 6 3 4 11 20 14 23 18 15 24 16 25 10 19 17 29 27 26 28 22 7 21 8 12 1 13 5 
25 29 21 1 2 27 6 14 10 28 24 26 19 9 11 18 22 0 20 12 7 8 23 5 3 15 16 13 4 17 
23 19 18 16 13 20 28 24 4 6 8 2 11 17 12 15 27 3 5 7 25 21 22 1 10 14 26 9 29 0 
13 17 25 15 11 7 6 2 9 20 26 29 19 16 10 12 27 24 28 3 0 23 5 18 1 21 4 14 8 22 
24 12 15 17 21 28 6 8 10 25 9 27 4 11 7 18 16 29 26 23 14 3 13 5 19 0 20 1 22 2 
21 4 5 3 18 6 13 14 12 26 28 27 17 11 20 29 10 19 15 8 1 0 9 24 25 16 2 22 7 23 
15 22 28 2 6 7 0 21 4 17 24 25 12 23 20 11 13 10 5 19 27 29 26 1 3 18 9 8 14 16 
22 29 17 25 20 28 13 19 18 0 3 2 6 4 10 15 12 24 5 9 8 26 1 16 14 23 27 21 11 7 
12 29 23 20 16 22 10 7 4 9 1 0 18 17 21 25 19 15 27 11 28 6 13 5 8 14 24 3 26 2 
23 12 22 14 26 18 10 16 29 4 8 7 0 15 21 6 20 11 13 28 27 9 25 2 19 1 24 3 17 5 
20 8 0 5 9 11 27 14 19 29 15 2 12 17 25 10 16 18 28 22 24 7 13 1 23 6 21 3 26 4 
1 17 13 23 27 6 5 21 20 16 26 29 10 11 19 0 9 3 12 25 15 24 14 18 28 7 4 22 2 8 
22 10 29 26 18 3 8 6 2 1 25 5 12 15 19 23 16 28 24 20 14 13 21 11 4 0 7 27 17 9 
15 28 10 16 4 8 25 22 0 26 1 13 7 14 19 17 29 18 23 27 11 6 24 2 21 9 20 5 12 3 
14 29 22 15 24 5 1 13 2 4 26 18 27 11 16 21 20 6 17 7 12 19 23 28 3 25 8 9 10 0 
22 16 15 2 3 5 7 26 6 14 19 8 23 21 10 24 29 28 13 11 25 18 9 17 4 20 27 1 0 12 
29 18 20 2 9 4 5 1 23 19 22 28 14 21 12 10 26 27 15 13 16 8 17 11 25 3 7 24 0 6 
13 25 11 0 3 9 5 22 2 19 14 26 27 12 20 29 21 10 18 16 17 4 24 1 23 28 6 15 8 7 
27 21 29 24 11 28 12 25 9 2 3 14 7 6 4 17 16 22 26 13 18 20 23 1 19 5 15 8 10 0 
5 4 7 15 27 25 0 22 1 24 29 21 13 10 23 18 12 19 11 28 14 3 17 8 20 6 16 9 26 2 
24 28 27 14 18 25 4 7 9 3 0 10 8 20 13 19 1 23 11 17 29 22 21 12 26 5 2 15 16 6 
15 27 26 2 0 8 11 14 3 22 12 29 9 19 5 20 24 1 18 10 23 25 21 4 13 7 28 17 16 6 
11 10 13 20 26 8 3 1 7 0 15 24 21 16 17 18 22 19 28 12 25 9 23 6 14 4 27 5 29 2 
4 0 3 18 12 26 27 24 5 11 8 19 28 20 17 25 29 10 15 21 13 16 23 22 14 1 9 2 6 7 
10 13 22 17 18 2 9 6 0 24 26 16 8 20 15 23 21 28 19 29 27 1 14 7 12 4 11 5 25 3 
13 22 21 7 3 0 12 28 11 24 23 16 19 27 10 8 18 2 15 5 20 4 17 25 26 9 14 1 6 29 
14 28 7 0 5 10 3 25 19 24 16 12 11 27 29 15 26 13 17 21 22 6 20 18 9 8 4 23 2 1 
4 21 20 6 8 19 9 14 7 16 10 23 27 13 18 17 24 28 29 12 11 3 0 15 22 2 26 5 25 1 
29 7 2 11 16 9 14 5 21 10 26 22 20 27 19 12 15 24 28 18 25 1 23 6 13 4 17 8 3 0 
