10 11 23 7 3 8 0 9 32 31 22 38 17 20 21 36 19 26 30 14 12 39 34 35 27 25 28 18 16 24 33 1 15 29 37 13 4 5 6 2 
22 29 35 13 11 28 14 23 0 3 1 6 26 9 18 32 16 38 34 36 30 33 25 24 19 15 7 17 4 12 8 27 31 20 37 21 10 5 39 2 
1 5 9 4 7 0 35 25 18 17 31 19 32 10 22 33 26 13 21 29 12 11 14 15 34 36 28 30 23 38 27 20 24 39 6 16 8 37 3 2 
1 9 15 29 11 10 27 36 32 14 33 13 38 18 20 37 17 6 12 35 0 5 3 7 2 26 25 24 22 34 28 19 21 30 23 8 16 31 4 39 
26 14 23 31 29 5 38 0 4 3 8 9 19 17 36 20 25 12 37 27 33 10 28 39 11 13 32 22 30 24 18 16 15 35 1 34 21 2 6 7 
29 25 2 4 38 37 20 13 9 6 28 21 36 30 11 22 27 39 34 18 14 15 12 16 26 17 31 24 0 3 33 32 7 10 35 1 23 19 5 8 
15 31 18 32 23 36 30 33 38 4 2 1 9 11 7 6 8 16 34 37 21 29 17 39 26 20 22 14 35 25 13 27 10 12 28 24 19 3 0 5 
24 19 26 32 15 29 33 21 1 2 9 25 28 4 36 8 13 35 27 5 14 6 3 11 23 34 37 20 30 22 16 17 31 18 12 38 39 0 10 7 
19 21 20 14 33 31 23 7 34 0 9 22 24 30 13 6 18 2 35 36 27 25 10 29 38 32 37 11 15 12 39 8 28 5 17 3 16 1 26 4 
19 38 23 35 7 2 4 21 24 5 1 39 34 27 16 22 33 28 10 30 13 18 15 17 20 32 25 12 37 11 36 9 14 3 26 8 31 6 29 0 
20 18 19 27 25 8 2 1 3 16 0 22 38 23 14 34 24 15 32 17 29 35 28 21 39 37 13 26 11 12 10 7 31 9 33 6 30 5 36 4 
28 34 26 10 20 27 12 39 23 31 32 29 15 19 3 8 5 0 2 16 6 38 17 24 4 1 25 13 18 14 22 37 36 35 30 33 21 9 11 7 
1 29 27 2 0 33 7 37 9 22 18 35 34 31 10 11 23 30 12 14 13 25 17 28 26 38 32 20 24 39 19 16 8 15 5 36 3 21 4 6 
38 24 7 0 8 5 20 3 34 11 32 29 15 30 14 28 33 23 17 26 19 22 21 18 39 35 12 16 25 36 27 6 37 31 9 4 10 1 13 2 
17 29 15 39 25 27 19 6 7 1 0 3 22 26 37 10 34 14 20 11 33 13 28 31 21 23 16 32 35 24 30 8 18 4 12 9 38 5 36 2 
35 13 25 14 4 3 5 24 1 21 0 7 29 19 10 18 26 34 27 32 16 31 39 28 38 12 23 17 11 36 15 6 33 2 22 20 9 37 30 8 
39 23 20 13 24 11 15 3 7 0 6 5 34 33 17 22 26 18 16 10 25 31 38 14 19 37 28 35 32 30 21 2 12 8 29 1 27 9 36 4 
39 33 21 14 36 37 34 8 2 1 6 12 23 4 25 32 11 31 35 27 15 38 10 16 22 29 30 26 17 28 13 7 24 5 3 19 0 18 20 9 
29 5 0 38 7 37 13 39 24 17 12 27 26 3 35 23 11 19 25 31 1 20 28 14 32 36 15 34 21 16 18 2 30 8 9 33 6 10 4 22 
8 30 4 39 0 2 5 18 19 27 20 37 13 23 24 26 15 16 10 32 29 34 22 14 33 31 36 28 21 35 17 11 38 1 9 25 6 3 12 7 
12 31 16 29 26 30 22 13 17 18 32 33 8 1 4 2 3 19 5 38 6 23 7 20 9 14 34 39 27 10 15 36 21 28 37 35 24 11 25 0 
26 39 21 23 11 10 32 13 14 4 1 30 8 31 3 18 9 0 7 22 12 33 29 20 35 28 6 37 38 17 34 15 24 25 16 36 27 5 19 2 
35 28 32 15 14 1 7 31 17 18 26 6 8 2 29 25 19 39 33 11 37 16 12 36 22 38 13 23 21 10 24 5 27 0 30 3 20 4 34 9 
16 24 38 3 8 2 7 4 26 33 29 23 11 32 27 36 22 34 31 13 30 19 28 14 17 20 15 10 39 12 25 21 18 35 1 37 0 9 6 5 
25 24 14 27 11 37 5 4 36 3 26 6 34 2 21 15 13 31 19 28 30 35 20 23 32 33 9 10 17 39 29 18 16 22 8 12 0 38 7 1 
31 3 7 9 13 8 10 15 35 29 23 0 18 16 27 25 14 28 30 11 39 24 36 33 19 21 22 12 32 26 38 2 20 5 37 4 34 6 17 1 
12 10 21 32 36 28 29 30 22 14 27 15 19 9 3 6 8 5 18 35 17 31 2 37 25 16 38 4 24 11 23 39 34 0 20 26 1 13 33 7 
13 37 11 33 39 23 28 5 8 2 0 4 10 19 38 21 18 27 22 17 15 36 25 26 24 35 29 16 20 30 12 1 34 9 32 7 31 3 14 6 
32 13 11 36 28 30 2 7 1 37 21 35 38 31 6 39 9 19 24 17 25 18 15 22 16 26 29 33 10 27 34 4 20 0 14 3 12 8 23 5 
27 28 12 35 8 0 3 33 2 16 25 7 21 22 15 34 14 32 19 24 30 13 23 26 18 29 38 17 39 20 10 37 11 36 1 4 31 9 5 6 
34 5 4 25 2 8 36 22 20 12 31 13 33 28 10 18 15 23 21 1 17 32 24 16 37 27 29 30 26 39 6 35 3 38 11 14 9 19 7 0 
27 15 34 28 24 3 0 7 1 8 37 22 20 18 29 33 14 26 23 35 11 12 17 36 30 16 38 4 39 5 25 10 21 6 32 2 31 19 13 9 
26 33 38 5 6 9 8 39 12 19 4 13 16 14 28 36 22 10 32 30 11 21 35 31 15 25 18 29 23 20 37 27 24 17 0 3 2 34 1 7 
21 23 35 26 16 25 15 0 24 2 5 9 33 3 19 12 13 37 14 34 11 29 39 30 31 32 27 18 17 4 28 1 22 10 36 8 38 7 20 6 
38 23 39 13 16 12 9 4 8 2 1 19 10 27 34 18 24 33 32 6 28 35 14 22 30 36 21 17 11 31 20 25 15 29 7 37 3 0 26 5 
39 26 38 28 18 10 31 30 36 1 4 7 9 8 27 20 22 17 14 37 35 29 11 16 15 23 19 12 13 34 21 3 32 6 24 5 33 2 25 0 
37 17 38 12 39 35 31 34 11 18 28 25 10 7 6 1 3 4 29 36 32 8 27 13 5 9 2 16 15 24 26 22 23 19 33 21 20 14 30 0 
35 10 33 20 38 4 1 26 6 9 25 36 13 37 11 18 19 12 28 14 29 17 32 16 2 23 27 31 39 15 24 3 30 5 34 0 21 8 7 22 
36 39 14 15 31 24 8 7 0 5 13 25 28 11 32 1 19 21 4 16 3 18 37 38 23 27 22 17 20 30 34 12 33 26 29 35 10 2 9 6 
39 10 33 14 12 24 18 11 28 38 5 8 9 32 3 17 0 29 25 15 35 36 34 13 19 31 27 20 7 22 2 1 37 23 21 30 16 26 4 6 
13 38 35 17 24 1 8 9 0 5 33 26 18 20 15 14 12 16 28 31 27 19 36 30 32 39 21 29 25 34 22 37 2 10 4 23 3 7 11 6 
39 27 12 21 35 17 36 16 32 31 5 9 8 4 6 25 37 28 18 15 19 34 22 38 14 10 13 24 26 23 3 33 20 11 0 30 29 7 1 2 
10 39 32 3 0 35 8 21 1 2 11 29 18 15 38 19 17 23 14 31 25 26 27 7 13 37 30 20 34 12 22 16 24 28 6 9 33 4 36 5 
10 28 23 34 20 12 32 3 9 8 14 17 2 6 13 25 16 27 35 29 31 33 26 37 36 38 21 30 22 24 15 1 18 39 11 0 7 19 5 4 
11 6 7 23 0 25 1 33 4 20 24 27 10 22 13 31 29 17 12 18 35 32 14 16 15 37 28 21 36 39 26 8 38 9 19 2 34 3 30 5 
5 9 8 6 18 38 35 16 34 37 32 22 27 25 21 15 28 26 20 39 24 33 36 19 13 17 31 30 14 12 11 3 23 0 29 1 10 2 4 7 
12 30 21 19 23 22 9 0 5 6 7 28 1 33 38 24 31 13 16 34 10 29 27 32 17 14 18 36 35 39 37 25 26 4 15 8 11 3 20 2 
17 28 7 19 8 4 11 2 5 29 10 23 12 30 22 18 38 32 21 26 35 31 27 14 36 25 9 33 0 39 3 13 20 16 37 24 1 15 34 6 
15 25 30 34 29 38 20 31 5 0 6 2 39 18 28 11 32 24 37 27 23 10 12 21 13 16 14 8 35 7 33 36 19 22 17 4 3 9 26 1 
8 11 25 27 33 14 28 29 34 37 16 36 20 4 3 17 38 32 0 6 5 31 24 13 19 23 21 39 35 10 30 26 15 18 12 2 22 9 7 1 
