1 11 13 16 19 17 29 30 26 22 31 36 0 24 18 4 20 33 3 6 28 5 25 15 27 12 23 10 38 2 34 14 39 7 35 8 37 21 9 32 
7 4 9 36 39 22 38 14 25 23 11 34 10 17 13 31 0 35 1 26 28 12 29 15 32 2 18 20 24 5 37 6 30 8 21 16 27 19 33 3 
0 18 5 2 1 17 3 31 20 33 23 25 36 34 12 39 6 35 32 9 7 37 11 26 14 15 16 28 13 30 4 27 24 22 29 19 21 38 10 8 
31 25 13 19 18 36 10 30 4 24 8 22 1 37 7 28 6 26 0 23 38 3 27 12 34 11 33 14 39 21 16 29 5 35 17 32 9 15 20 2 
15 26 16 28 1 27 24 10 3 14 32 22 5 36 6 29 0 33 19 31 34 4 21 13 37 8 38 17 20 9 35 2 39 12 25 18 23 7 30 11 
24 32 22 20 31 21 35 4 12 13 26 18 19 5 37 16 3 7 14 8 15 2 28 11 38 36 10 33 9 34 1 25 17 23 29 0 39 30 27 6 
3 2 22 21 6 25 8 26 18 24 31 7 32 11 36 17 39 12 27 4 29 34 9 38 14 16 23 15 13 30 20 0 28 19 37 10 35 5 33 1 
15 16 28 22 37 20 3 34 12 23 9 30 5 33 19 35 2 26 1 38 31 29 10 17 24 36 6 11 32 8 25 39 13 7 0 4 21 18 27 14 
29 31 8 24 22 3 32 19 37 2 39 10 20 12 35 4 33 14 34 17 25 6 28 16 5 1 18 38 15 30 0 23 21 13 36 9 26 11 27 7 
38 37 35 33 15 9 14 11 19 25 2 17 8 27 39 30 4 28 1 26 29 7 20 3 23 12 34 13 22 5 24 18 31 21 0 10 36 6 32 16 
17 9 4 34 37 32 23 29 8 26 2 19 27 16 30 14 39 5 20 0 35 15 22 25 13 38 7 28 33 18 31 3 24 12 11 6 21 1 36 10 
35 26 18 11 9 25 8 28 16 30 13 34 19 38 0 21 17 33 6 31 24 1 20 15 37 3 27 10 23 4 32 12 22 5 36 14 2 7 39 29 
7 15 5 27 24 39 37 13 22 8 19 36 2 28 3 21 33 34 6 26 29 11 20 16 0 25 18 32 1 35 4 23 12 38 30 17 31 10 9 14 
30 26 34 24 27 36 17 19 7 32 20 10 33 18 12 35 9 15 8 1 16 5 21 0 22 4 37 13 25 2 23 31 6 29 11 39 28 3 38 14 
24 37 4 2 1 6 27 35 11 38 0 21 17 29 3 33 18 20 9 31 39 12 25 7 23 8 28 13 26 36 14 22 32 16 5 19 34 10 30 15 
8 1 14 10 18 2 4 35 30 36 29 33 5 23 37 38 20 11 0 21 3 12 6 16 9 19 32 27 25 34 26 15 13 7 17 22 39 31 28 24 
4 18 36 20 19 38 1 15 30 0 27 5 32 2 35 17 29 14 23 28 39 13 22 6 7 33 25 9 37 11 3 21 24 16 34 12 10 31 26 8 
20 29 2 4 15 26 5 25 12 24 11 22 10 36 9 30 14 27 13 23 28 7 35 17 38 16 31 18 34 3 21 1 32 19 39 37 8 0 33 6 
22 23 18 29 17 11 31 7 27 5 32 8 21 3 2 38 35 16 6 25 36 0 20 15 4 30 13 28 24 34 19 1 37 10 9 39 26 12 33 14 
7 39 25 18 8 30 33 13 31 15 22 19 28 2 32 3 20 17 23 4 29 14 24 5 35 11 21 34 1 10 37 0 36 12 27 16 38 9 26 6 
15 31 8 25 0 32 12 20 21 1 27 6 24 16 38 18 30 9 35 5 17 26 19 28 2 36 4 39 11 29 10 23 33 7 22 3 34 14 13 37 
27 30 24 39 4 13 15 10 7 0 25 12 14 22 19 36 5 26 11 33 23 3 35 21 1 31 16 32 34 28 18 2 20 37 29 8 38 9 6 17 
2 17 7 14 18 20 29 33 30 23 6 36 11 26 22 38 12 37 15 31 19 28 16 39 0 10 24 3 35 8 34 4 32 5 1 27 25 9 21 13 
23 22 37 26 38 4 1 13 10 7 16 39 0 15 30 19 27 8 35 17 21 24 34 5 29 9 33 6 36 2 32 14 25 18 20 11 31 3 28 12 
11 2 0 17 27 24 6 32 10 30 4 21 14 26 8 36 25 33 31 35 3 13 29 5 39 9 34 7 38 37 19 20 16 22 12 23 15 28 18 1 
13 5 2 23 30 28 31 6 34 10 26 16 27 21 1 32 7 22 9 29 14 36 17 15 18 12 25 8 37 3 20 39 19 0 38 33 4 24 35 11 
16 19 6 4 0 10 3 38 25 34 33 32 28 26 23 29 7 36 37 2 39 12 8 13 27 18 21 5 30 14 20 9 31 1 22 17 35 11 24 15 
34 37 26 22 27 16 13 12 15 1 18 6 32 11 20 10 36 14 19 7 33 29 28 31 23 2 30 9 35 17 25 24 39 3 0 8 21 4 5 38 
18 10 32 21 33 1 16 38 13 37 0 36 15 25 14 27 7 20 5 31 39 23 19 4 22 29 2 3 8 9 30 12 35 11 24 26 28 34 17 6 
29 22 25 35 21 23 24 30 19 4 7 6 1 15 2 16 37 5 17 8 3 39 0 31 32 9 28 12 36 14 20 10 38 18 27 33 11 34 26 13 
19 6 4 5 1 10 23 28 32 24 35 21 25 29 18 39 3 31 17 38 16 34 30 26 8 2 37 11 33 14 27 9 20 15 13 7 36 0 22 12 
6 19 3 14 28 29 38 23 9 15 30 32 35 25 17 27 13 22 16 20 37 12 33 0 31 5 21 7 26 18 34 2 4 8 10 1 24 39 36 11 
22 36 18 19 25 6 32 30 5 26 3 4 2 31 34 10 15 37 1 0 39 23 9 33 8 7 28 16 20 13 29 12 38 24 11 35 27 17 14 21 
3 14 7 19 11 24 34 31 36 20 10 22 2 32 9 26 1 39 12 23 30 13 38 0 25 17 27 37 29 33 28 15 4 16 8 6 21 35 18 5 
6 22 3 29 4 34 7 37 16 33 1 12 26 19 20 15 27 17 28 23 11 21 9 36 38 2 35 0 30 10 31 32 8 24 5 39 14 25 13 18 
38 23 31 10 13 7 4 34 16 27 3 20 5 26 0 22 1 24 14 6 37 30 8 29 11 35 12 21 9 36 18 39 17 28 15 32 19 33 2 25 
35 23 20 37 26 38 19 9 6 7 17 16 15 39 5 25 3 32 18 29 12 33 21 8 30 1 28 2 34 4 24 14 27 10 31 0 36 22 11 13 
10 6 28 5 21 15 38 4 32 20 3 33 2 34 29 14 30 0 23 11 27 8 22 9 24 1 35 18 25 17 37 19 31 13 36 7 39 16 26 12 
21 25 4 7 15 23 6 5 11 35 1 17 16 29 19 33 10 32 14 30 37 3 39 18 24 12 0 22 2 26 9 27 38 20 8 31 36 13 34 28 
18 13 1 5 8 0 6 26 21 33 38 27 24 22 3 35 9 31 4 20 25 16 34 15 36 19 23 7 32 11 29 14 37 10 28 12 39 2 30 17 
13 11 6 28 24 32 12 36 15 21 5 35 17 37 18 31 7 22 0 25 27 16 2 26 8 30 38 14 33 10 39 4 34 1 29 9 23 20 19 3 
22 21 19 11 38 23 9 30 6 26 5 31 15 34 4 39 17 8 16 12 24 13 1 27 18 32 25 3 29 36 10 37 0 20 35 2 33 14 28 7 
4 32 16 35 19 30 12 25 14 34 9 21 28 37 15 36 2 22 7 24 10 8 1 6 29 20 3 39 31 13 38 18 27 0 23 5 33 17 26 11 
14 6 2 22 24 21 7 37 11 20 3 38 9 35 19 34 0 15 23 10 39 13 32 16 27 30 36 1 29 17 28 33 8 25 31 12 5 26 18 4 
33 22 26 27 34 28 37 18 0 23 9 3 5 13 7 29 15 11 2 17 38 14 30 8 36 25 10 35 16 21 39 19 20 12 24 1 31 4 32 6 
7 1 19 4 12 6 2 16 34 27 24 36 25 23 18 33 0 32 14 28 39 22 35 15 38 9 29 13 20 11 21 30 10 31 3 8 37 17 26 5 
9 33 31 28 0 25 32 20 19 37 23 15 38 18 22 6 34 3 39 5 8 16 12 26 11 35 2 36 4 29 7 30 21 27 1 24 13 10 14 17 
16 13 10 19 6 12 17 7 3 30 35 26 34 18 25 20 33 39 15 28 32 38 0 1 4 21 37 24 31 5 23 14 29 8 27 2 36 9 11 22 
12 0 13 19 15 10 18 16 14 6 33 37 34 23 21 39 20 31 24 32 25 2 35 9 27 17 36 4 22 28 3 1 7 11 26 29 30 5 8 38 
11 6 14 24 20 32 38 25 5 30 12 37 1 36 18 39 2 22 17 8 35 4 26 3 27 19 28 0 29 10 31 15 23 7 34 9 21 16 33 13 
