1 15 5 44 31 7 19 2 11 47 40 45 20 33 48 14 42 0 21 23 37 43 49 36 16 24 34 35 28 27 9 32 26 46 22 41 38 8 13 39 18 25 10 30 3 6 29 12 17 4 
29 41 37 43 16 19 14 36 5 13 18 17 15 22 7 30 11 46 6 40 42 39 20 49 32 47 26 45 24 27 35 25 48 21 38 33 8 34 1 12 0 28 9 31 2 44 3 23 10 4 
32 21 31 6 3 19 18 1 37 4 16 49 13 36 45 26 35 25 47 0 46 41 38 33 39 7 29 17 24 42 22 23 44 27 43 9 40 12 34 8 28 14 10 15 48 11 2 30 5 20 
24 21 26 34 32 33 27 39 7 1 6 19 4 2 16 0 23 17 22 12 28 43 38 35 42 46 44 30 48 49 45 47 37 25 40 9 31 8 14 41 18 11 20 15 13 36 3 29 10 5 
44 42 48 33 23 36 25 39 30 28 20 7 10 18 19 6 2 27 4 3 5 32 45 24 41 15 1 14 26 0 12 8 21 34 9 31 17 49 29 37 43 22 16 40 13 35 47 38 11 46 
25 38 43 29 20 45 1 6 8 0 30 19 12 16 34 2 48 18 26 9 31 44 46 36 32 47 28 22 27 23 24 10 40 7 35 5 37 13 39 4 21 3 42 15 49 17 33 14 41 11 
49 43 37 31 36 9 4 19 16 25 6 29 7 44 13 45 40 48 5 35 22 18 47 20 42 32 33 41 12 24 34 0 27 14 26 15 38 3 21 2 39 11 30 8 23 1 10 28 46 17 
18 5 46 21 40 26 36 39 49 30 17 4 43 13 3 11 48 19 31 28 38 45 24 32 37 29 34 0 44 23 22 47 12 33 2 25 1 9 7 15 41 14 20 16 27 8 42 10 35 6 
39 32 29 28 27 37 5 11 17 34 16 19 15 14 46 7 4 48 8 30 45 47 41 25 26 44 23 40 33 49 38 6 36 13 24 3 35 12 21 2 43 9 22 10 31 1 20 42 0 18 
43 30 39 41 48 25 44 28 23 13 15 4 10 36 17 3 14 12 31 16 8 38 34 29 26 33 20 35 9 5 42 40 22 47 27 21 32 2 0 37 49 18 7 1 46 19 45 11 24 6 
25 43 48 49 38 29 46 26 39 44 32 13 7 8 3 17 1 15 4 10 5 37 16 40 23 34 19 27 42 30 20 21 45 35 11 24 41 14 31 6 47 12 28 2 22 9 33 18 36 0 
39 24 36 30 28 21 20 48 34 18 15 7 10 0 29 12 37 9 33 1 32 11 44 16 26 5 13 23 3 49 35 31 46 22 45 40 43 17 25 19 47 8 27 14 6 38 4 41 2 42 
17 18 23 39 4 25 6 13 32 24 28 40 43 8 11 10 3 49 16 38 42 46 47 27 30 29 36 44 37 31 26 14 41 15 20 1 45 0 33 21 34 5 22 2 48 12 35 7 19 9 
30 39 33 27 44 37 48 1 7 10 5 14 17 31 4 41 9 19 0 32 38 45 22 34 43 20 47 49 21 24 46 3 40 12 42 13 25 8 28 11 29 2 36 18 35 15 26 6 23 16 
35 39 26 45 29 25 33 38 16 4 12 6 3 1 14 41 15 46 31 42 22 24 20 49 7 32 8 36 17 27 30 21 43 47 10 0 40 5 44 11 37 9 23 18 48 19 34 13 28 2 
30 43 37 49 34 38 28 27 31 24 9 18 5 10 16 14 11 39 29 1 19 40 33 46 25 22 8 36 7 47 21 6 48 4 44 13 26 3 0 20 15 45 2 42 32 12 35 41 17 23 
27 49 14 40 11 5 17 47 16 43 12 34 9 24 48 39 4 42 46 38 36 44 45 21 35 32 33 30 2 19 25 10 23 13 22 1 28 18 20 6 26 31 7 15 41 8 37 3 29 0 
7 0 13 15 9 46 31 30 26 48 43 36 47 1 44 18 24 11 41 33 28 29 37 22 39 34 20 27 3 17 10 4 38 40 25 6 49 32 12 21 19 42 14 45 16 23 5 2 35 8 
8 1 16 10 0 32 23 49 42 24 38 37 34 36 28 27 40 29 47 33 18 4 12 20 13 46 30 11 21 48 31 26 17 41 6 25 9 3 15 2 43 7 35 14 45 5 39 19 22 44 
48 24 32 38 23 25 22 36 44 37 45 42 19 9 14 8 5 6 16 40 17 11 21 20 33 0 30 10 39 1 27 18 29 46 34 43 41 47 7 49 3 28 15 12 35 13 26 4 31 2 
38 36 23 14 13 17 19 43 4 29 1 41 3 32 10 48 6 30 42 49 25 28 31 2 26 35 33 39 16 7 47 44 34 22 21 46 45 9 24 8 20 40 27 15 37 11 5 0 18 12 
1 12 47 43 18 40 35 13 37 44 10 26 23 22 30 38 33 24 7 41 5 36 14 0 29 9 32 16 45 8 15 49 3 25 17 34 2 20 19 48 4 46 11 42 21 27 31 39 28 6 
8 18 23 41 45 44 42 28 30 48 5 19 46 24 43 36 47 0 13 12 16 26 20 3 32 2 35 37 25 31 15 39 7 22 40 17 34 4 29 10 27 6 49 1 11 14 21 38 9 33 
25 34 20 48 28 23 43 5 10 0 9 18 8 13 12 46 15 32 16 49 35 39 27 40 41 21 38 37 30 36 29 24 31 45 6 44 19 33 2 17 22 42 11 7 26 1 14 47 4 3 
48 27 35 23 32 30 41 29 26 33 36 22 9 11 3 1 5 12 7 39 8 16 37 17 10 47 28 6 4 25 13 46 14 38 49 40 24 34 43 19 0 44 18 20 45 42 2 31 15 21 
26 35 39 23 30 17 1 5 14 10 16 0 12 15 20 37 21 45 34 3 40 2 11 18 22 47 38 7 9 28 46 41 31 44 29 33 25 27 49 4 48 19 36 13 32 8 43 42 6 24 
44 45 46 23 30 33 41 10 1 14 12 29 11 17 7 6 8 36 13 31 28 26 27 20 47 5 43 37 42 40 32 2 25 39 48 9 38 3 49 15 35 16 22 18 34 0 24 4 21 19 
23 24 47 35 43 26 4 7 18 11 14 0 6 8 12 29 10 31 3 38 1 39 16 40 22 33 37 45 32 21 20 36 30 46 44 9 34 13 49 17 25 27 19 48 41 5 28 2 42 15 
20 41 24 34 45 33 49 29 27 14 7 8 47 16 4 15 28 9 43 23 5 22 26 38 35 39 32 31 46 36 21 6 44 1 40 18 19 17 42 10 48 0 13 30 12 2 25 3 37 11 
17 3 11 5 48 23 30 47 25 27 36 24 37 43 46 33 18 15 39 10 49 45 1 12 42 29 16 40 2 41 13 26 7 32 4 21 44 22 35 6 31 19 20 8 38 14 34 9 28 0 
46 21 29 42 41 15 10 14 3 17 49 11 26 5 20 8 13 34 48 16 35 38 27 44 43 40 24 22 37 45 36 1 47 9 28 31 39 23 30 4 33 0 6 12 18 25 7 2 32 19 
44 35 31 22 25 20 7 18 4 16 0 8 6 10 11 38 24 48 1 19 28 5 42 36 46 37 43 15 32 49 3 47 9 21 34 39 41 26 33 30 27 23 2 45 14 40 17 12 13 29 
25 29 31 46 30 8 17 10 9 7 1 40 21 5 0 41 3 39 16 20 43 24 38 33 23 26 28 36 37 27 34 19 47 13 48 4 49 11 42 6 22 12 35 14 44 18 15 45 32 2 
49 46 43 48 6 5 8 29 1 11 10 26 31 35 42 21 9 40 7 27 15 37 17 38 32 39 28 44 34 36 20 13 47 14 41 12 23 45 0 18 4 22 30 24 33 16 25 3 19 2 
48 32 40 20 30 27 42 21 29 28 45 33 11 14 1 5 7 2 18 8 0 37 34 31 24 46 22 25 12 49 35 15 38 6 36 17 47 3 39 44 4 19 43 10 26 16 23 9 13 41 
21 20 40 33 32 34 47 22 4 6 19 11 2 37 7 13 12 27 8 18 28 41 46 44 24 23 36 45 25 26 29 3 16 30 42 17 31 15 48 0 38 5 49 14 43 1 35 10 39 9 
6 10 49 22 40 29 46 26 35 33 38 34 28 21 37 2 41 4 30 12 5 45 0 19 32 14 42 23 27 39 25 3 43 8 48 9 44 16 47 18 20 15 31 11 24 36 7 1 17 13 
13 26 20 31 22 40 9 7 3 4 10 19 28 32 21 1 43 15 47 18 37 16 27 42 34 38 46 25 35 39 48 11 23 49 6 33 14 24 29 30 5 41 0 8 44 17 45 12 36 2 
48 11 38 17 39 15 35 26 45 12 36 7 34 10 1 24 43 28 49 41 37 21 44 5 42 23 8 20 25 14 47 2 22 3 27 18 32 0 33 13 30 4 40 9 46 31 19 16 29 6 
45 23 32 29 21 13 15 8 2 7 42 5 0 3 12 30 6 33 37 24 44 43 48 35 47 20 40 26 49 31 34 11 46 16 36 17 41 9 18 22 27 10 38 19 25 14 1 39 28 4 
34 42 36 47 40 22 30 5 15 18 1 0 8 12 21 2 23 24 6 20 28 19 43 29 37 33 32 16 45 7 46 14 48 11 41 17 35 10 31 25 38 3 39 44 27 13 49 9 4 26 
23 48 29 8 17 6 9 25 0 47 41 37 3 22 2 27 16 35 18 12 38 49 36 32 45 44 21 39 20 33 46 1 42 7 30 10 24 15 28 14 40 19 31 13 43 5 34 4 26 11 
35 26 20 44 9 16 2 4 48 3 28 6 33 13 1 41 22 11 34 45 0 49 29 24 40 25 36 32 43 31 30 7 27 5 37 14 47 12 38 19 42 10 46 17 39 15 21 8 23 18 
49 37 20 42 48 24 38 43 21 46 26 41 18 13 14 9 27 7 12 16 28 1 47 3 11 0 22 30 25 31 34 23 15 29 19 44 6 39 4 45 10 33 5 40 17 36 2 35 32 8 
16 11 6 38 43 14 42 32 12 25 37 41 49 48 24 36 15 44 8 35 9 30 1 39 22 3 21 0 26 10 46 18 29 7 28 27 31 40 20 17 45 19 47 5 23 4 33 13 34 2 
46 47 22 2 4 16 9 34 20 30 18 33 10 31 13 32 19 41 8 42 15 23 0 48 5 44 1 39 38 27 12 26 3 45 6 35 11 7 28 36 40 24 37 29 49 14 43 21 25 17 
10 15 42 20 1 39 16 36 12 45 11 37 14 47 0 25 2 46 13 41 43 30 35 44 32 38 24 23 21 48 22 3 33 9 28 6 29 4 31 40 19 49 8 17 27 5 34 7 26 18 
34 22 41 37 45 39 42 26 40 20 13 38 27 24 48 36 31 46 14 6 7 15 2 0 3 17 10 19 9 5 49 23 12 16 4 1 28 30 8 32 29 25 33 11 47 35 18 44 43 21 
28 20 22 33 47 38 37 36 29 16 14 15 18 10 1 19 43 39 25 32 3 26 8 49 17 31 12 45 4 40 7 9 24 27 48 30 5 23 0 6 21 35 34 46 44 42 13 41 11 2 
11 1 14 22 36 31 35 44 45 32 12 16 20 19 28 3 49 15 34 6 46 10 29 39 27 43 37 30 40 4 41 23 21 48 26 33 13 47 8 24 25 0 2 7 42 18 9 17 38 5 
