32 45 31 25 22 35 1 17 55 16 0 11 40 14 9 7 36 5 48 42 46 34 56 33 20 57 49 47 27 13 53 15 23 58 43 39 21 29 26 51 44 12 37 6 41 18 50 10 30 3 52 59 2 38 4 28 8 54 24 19 
24 32 58 43 49 50 42 54 51 38 9 5 12 17 7 6 3 13 36 14 30 23 1 56 34 27 21 40 45 55 53 22 26 28 52 25 47 41 33 35 48 0 44 4 31 10 18 20 46 11 2 19 15 8 29 39 59 37 57 16 
49 38 58 57 40 43 37 16 12 6 4 44 10 13 7 8 3 56 18 46 59 26 45 35 21 23 32 53 52 48 54 55 33 22 20 39 47 27 34 51 36 5 50 19 31 14 28 2 24 15 30 1 41 11 42 9 25 17 29 0 
53 52 36 27 35 41 59 48 39 55 31 42 1 17 10 14 18 16 44 0 12 15 37 7 51 56 28 50 47 54 46 38 33 49 20 11 22 34 58 26 29 43 25 45 32 30 23 24 57 5 19 4 8 40 2 13 6 9 21 3 
34 47 39 20 44 30 26 15 7 4 16 12 22 3 9 0 29 37 8 24 51 27 21 33 56 48 40 36 58 54 57 50 19 31 53 32 52 55 46 42 35 13 49 18 5 45 25 11 43 23 17 14 38 10 28 2 59 6 41 1 
34 27 51 46 28 52 21 25 38 48 50 31 16 17 12 13 20 10 11 8 15 58 40 4 42 43 36 57 33 54 53 44 23 47 45 22 56 5 24 37 14 1 2 18 59 6 35 7 41 55 49 32 30 3 29 19 39 9 26 0 
53 35 32 45 51 48 57 14 12 7 8 15 49 25 55 4 50 3 44 1 0 47 46 26 52 42 59 30 24 31 34 38 33 28 56 22 2 58 39 54 20 18 37 19 27 9 43 10 29 17 21 6 36 16 23 5 40 11 41 13 
7 10 3 56 37 20 18 41 31 2 45 33 1 22 15 32 14 21 13 52 23 44 8 51 42 25 34 26 49 36 24 38 55 47 54 50 43 29 40 35 53 58 57 12 59 9 27 5 48 19 28 11 17 46 0 30 6 39 4 16 
33 51 10 26 11 13 8 25 3 47 31 53 38 20 4 58 12 54 9 23 19 30 0 40 36 29 22 32 27 49 35 34 55 57 45 39 43 41 37 48 52 6 42 1 56 2 21 17 24 15 50 7 28 16 46 18 44 14 59 5 
38 31 47 52 24 21 58 17 1 4 18 2 3 35 57 53 26 33 56 32 46 40 45 48 43 50 16 20 5 0 44 8 36 10 23 37 27 49 22 34 30 25 39 42 29 15 55 11 28 6 51 19 13 59 9 12 54 7 41 14 
34 21 41 25 59 58 31 36 22 27 32 35 37 38 12 3 18 2 17 7 30 15 4 54 26 5 40 33 44 46 50 42 9 24 16 55 10 52 19 20 13 49 28 47 45 53 48 39 57 0 23 56 11 1 43 14 51 6 29 8 
44 34 51 53 45 20 29 19 16 8 14 18 5 0 12 57 4 25 9 42 24 56 23 36 31 58 28 21 37 38 52 33 27 50 54 32 39 30 43 59 55 13 41 10 40 2 1 47 49 3 35 17 48 15 22 11 46 7 26 6 
24 42 40 41 55 46 51 44 50 45 1 13 7 3 17 14 15 11 2 43 8 16 34 12 47 29 23 30 28 21 36 35 38 54 31 59 37 25 33 32 22 48 58 39 52 20 5 49 19 56 10 9 26 0 53 57 18 4 27 6 
1 4 0 18 5 2 50 54 33 46 44 21 20 43 34 36 25 57 52 32 45 56 27 51 31 39 40 38 55 12 41 3 42 11 48 8 47 9 30 53 59 24 58 17 26 7 29 16 35 15 28 6 22 14 23 19 49 37 10 13 
22 38 25 45 21 35 37 20 26 40 13 15 2 24 9 16 17 31 11 18 10 39 36 1 57 0 59 46 28 50 33 42 43 29 30 4 48 51 56 32 52 41 44 27 49 53 23 14 47 34 6 5 58 3 12 54 19 55 7 8 
36 44 56 53 50 33 31 32 22 43 37 2 1 16 4 9 10 0 8 11 5 35 38 39 28 58 51 21 29 48 42 20 25 54 23 46 55 27 7 24 47 30 59 40 52 3 45 15 17 41 18 26 13 57 14 49 12 34 6 19 
26 48 46 22 43 28 31 33 42 54 39 23 5 7 16 17 11 37 12 2 24 13 14 19 36 34 25 56 58 18 9 49 0 59 45 20 41 50 29 47 32 44 53 51 40 57 35 27 30 21 3 8 10 52 6 15 38 55 4 1 
57 20 59 33 32 52 39 24 34 48 2 7 0 17 13 14 3 21 51 4 50 8 22 45 6 58 53 27 46 55 29 54 28 40 49 42 47 44 26 31 25 16 56 15 23 5 30 19 38 9 37 11 35 18 43 10 41 1 36 12 
26 50 29 47 40 48 39 23 51 34 4 3 14 13 37 18 45 17 43 21 59 11 41 6 56 15 42 12 35 5 38 27 24 57 44 30 32 52 22 20 36 53 55 25 1 33 9 8 54 10 49 0 31 19 28 7 46 16 58 2 
22 36 43 18 15 33 31 38 34 24 20 48 44 54 40 30 55 32 29 41 14 58 1 42 8 51 12 7 53 2 45 0 50 5 25 10 27 11 37 16 59 57 35 47 39 52 46 26 56 17 23 13 28 4 21 6 49 9 19 3 
29 24 58 44 39 20 11 3 17 15 7 13 14 6 25 22 35 18 41 34 50 56 30 37 54 46 33 36 43 26 51 55 59 21 40 48 42 53 45 8 32 4 31 10 52 2 23 1 28 12 38 5 57 9 47 0 19 49 27 16 
22 17 40 25 45 8 11 13 42 31 3 30 0 58 16 24 19 29 7 57 10 55 9 46 56 52 38 51 39 37 34 21 36 28 49 33 59 35 20 43 47 23 54 5 32 18 27 1 44 2 26 12 41 4 48 6 53 14 50 15 
52 38 34 30 50 32 56 7 11 14 15 12 3 39 6 4 44 59 13 28 10 58 35 41 25 45 24 55 33 40 53 37 46 54 42 21 31 57 51 27 48 0 29 17 20 9 49 18 22 5 23 16 47 2 26 19 43 8 36 1 
26 50 53 25 48 37 22 38 42 0 11 1 19 23 30 6 9 56 54 44 7 41 17 27 3 28 52 8 16 43 14 57 51 2 47 10 58 12 29 18 21 40 39 24 59 20 34 32 55 45 46 31 36 15 33 13 35 5 49 4 
20 30 25 54 57 40 28 41 22 39 1 7 6 13 4 17 10 43 19 58 18 26 34 14 44 48 52 42 53 29 21 50 55 31 37 38 59 45 27 36 9 11 49 12 23 2 32 16 47 5 46 56 35 15 24 3 33 8 51 0 
44 42 40 31 26 29 48 51 43 57 49 53 45 58 16 11 12 6 9 10 19 38 1 4 5 35 23 32 59 33 50 20 34 8 55 18 36 0 56 2 24 15 21 25 28 47 27 30 37 54 39 13 52 14 41 7 22 17 46 3 
52 36 43 31 54 24 42 46 44 51 45 7 10 15 6 19 29 25 56 57 22 13 9 18 4 5 2 17 14 40 37 0 27 1 34 8 30 12 21 26 48 49 33 38 41 39 53 59 55 35 28 50 23 32 58 3 20 16 47 11 
29 22 56 54 51 58 20 14 0 5 2 4 18 17 32 6 19 30 11 45 28 23 33 24 59 31 53 57 44 47 25 39 35 49 41 40 3 26 8 42 12 21 10 34 37 50 48 38 16 52 55 13 43 9 36 1 46 7 27 15 
53 30 24 31 33 25 18 5 10 19 12 9 55 6 28 2 35 58 23 46 56 37 7 29 11 59 15 27 8 47 0 22 16 17 48 14 34 32 43 39 44 41 45 57 54 26 21 38 36 49 52 20 42 40 1 4 51 3 50 13 
25 37 50 53 42 41 58 54 34 27 52 59 47 31 29 20 36 3 15 33 5 16 2 14 19 11 17 6 4 8 44 12 24 9 43 7 26 40 51 1 39 38 22 21 23 45 55 48 49 56 57 35 30 0 46 13 32 18 28 10 
28 30 58 44 33 36 57 47 42 41 5 3 8 0 6 9 15 25 1 49 2 18 51 10 43 40 27 12 52 38 56 55 45 59 48 20 24 37 22 50 34 21 54 7 29 17 23 13 32 11 46 31 16 53 35 19 26 14 39 4 
43 34 46 20 29 38 28 41 32 44 18 9 54 2 6 8 11 5 4 19 7 36 24 21 58 53 52 35 45 59 49 55 39 27 22 57 33 12 15 51 1 26 25 30 50 48 37 40 47 31 3 10 13 42 16 56 14 23 17 0 
32 57 17 12 3 56 26 16 30 19 52 9 36 14 44 18 51 0 53 22 7 50 33 43 34 40 41 28 49 38 48 25 58 39 35 37 45 21 54 23 20 29 5 46 8 24 15 31 13 59 11 55 4 2 27 1 42 6 47 10 
32 25 23 24 37 50 57 49 42 46 52 39 1 14 13 17 7 53 8 10 41 11 16 0 4 33 20 22 34 21 29 31 54 48 47 27 40 58 56 35 55 28 36 30 5 45 9 15 43 3 59 2 51 44 26 6 19 18 38 12 
46 14 5 37 11 40 29 23 0 55 15 34 31 2 13 21 17 30 4 10 48 45 39 54 57 35 59 32 53 25 28 50 47 52 24 36 26 41 56 27 43 12 22 3 33 9 58 16 49 7 38 8 44 6 51 19 1 42 18 20 
27 35 41 45 25 8 46 59 52 36 22 32 34 55 40 15 47 14 44 1 42 7 54 12 20 16 33 0 3 23 2 39 18 58 19 24 10 31 9 38 4 57 6 26 30 5 37 21 43 29 28 48 51 49 53 11 50 13 56 17 
48 24 34 55 23 38 32 21 47 33 25 0 8 7 15 16 10 14 11 36 18 51 4 43 30 41 31 45 1 42 3 17 39 2 50 19 20 22 28 44 56 27 40 57 46 37 29 53 54 12 35 6 58 5 59 9 49 52 26 13 
47 21 55 34 54 41 30 33 32 56 25 23 15 9 17 3 1 11 10 6 0 49 12 19 22 48 59 46 37 31 35 42 29 26 50 38 58 44 20 52 40 39 28 45 53 36 5 51 43 18 13 8 2 27 7 14 24 16 57 4 
22 49 44 27 59 57 40 37 35 32 55 2 9 7 31 12 6 16 8 4 11 21 53 13 45 58 52 25 34 54 50 26 48 42 56 1 10 3 17 19 36 23 47 29 28 43 24 51 39 30 20 41 46 5 0 14 38 33 18 15 
58 50 22 45 18 16 28 19 37 14 4 52 7 15 34 9 39 3 25 43 59 54 30 27 21 49 20 51 23 48 41 47 32 29 24 38 55 57 46 42 53 11 36 17 26 33 0 44 5 35 6 10 13 56 1 31 12 40 8 2 
36 33 22 26 52 28 45 49 50 40 20 18 13 19 8 5 12 14 17 57 10 27 7 32 56 25 31 43 54 35 46 58 42 38 30 51 34 41 55 29 59 3 21 0 37 6 53 9 16 23 2 39 11 47 1 48 4 44 24 15 
0 10 13 16 14 2 36 35 56 25 43 44 45 29 37 21 58 42 23 54 3 39 30 32 49 24 31 47 55 15 26 18 38 8 33 19 52 12 22 6 57 5 34 59 41 50 51 28 20 11 48 7 53 9 17 40 46 4 27 1 
50 56 38 7 4 1 18 6 12 22 2 30 16 33 55 25 57 23 41 17 9 51 27 20 53 58 52 49 24 40 54 47 43 37 35 42 5 44 3 48 15 59 11 46 36 21 45 26 29 32 8 34 19 10 31 0 28 14 39 13 
37 46 49 20 41 53 23 28 26 43 30 59 4 11 12 9 0 19 16 1 18 51 38 2 21 15 7 52 48 57 42 55 31 22 32 47 39 29 25 50 35 13 45 40 33 58 36 34 3 17 8 56 10 24 27 54 44 14 6 5 
23 5 40 18 22 0 31 9 48 49 17 42 8 26 15 14 27 35 56 38 20 32 24 44 37 25 30 51 29 39 11 58 2 52 19 57 46 41 36 21 43 13 54 45 10 59 7 33 3 53 16 55 12 28 50 6 47 1 34 4 
29 27 59 42 51 30 53 35 3 2 1 52 16 17 36 5 11 15 9 34 41 0 50 25 43 39 33 28 37 32 58 45 21 49 24 40 22 56 31 57 10 48 55 23 7 47 6 38 13 19 46 4 26 8 54 12 44 18 20 14 
47 25 49 28 50 58 56 2 14 11 4 12 3 26 18 5 1 44 8 32 22 38 45 24 43 27 23 46 55 40 57 37 30 52 41 33 35 59 29 10 42 15 34 16 6 19 31 20 53 36 21 0 48 17 9 51 39 54 13 7 
29 40 57 32 48 44 30 54 33 28 25 6 10 19 9 46 3 39 18 26 23 43 7 56 5 14 31 1 53 12 52 4 11 47 50 22 34 24 35 41 27 58 21 42 51 15 49 20 17 59 55 13 45 0 36 2 38 16 37 8 
32 56 36 51 20 53 52 27 31 11 8 3 2 19 7 15 42 55 13 57 49 26 46 35 58 33 29 38 34 59 22 54 23 37 43 25 39 4 28 50 10 17 14 5 1 44 41 30 48 21 47 6 45 18 24 16 9 12 40 0 
48 45 33 50 46 32 21 17 2 7 15 12 26 18 4 23 52 41 25 31 19 29 36 34 30 35 44 24 42 51 22 47 59 39 57 49 37 40 43 27 38 10 55 14 58 20 9 54 53 5 28 8 3 13 0 16 56 6 11 1 
