3 57 22 47 35 14 8 54 38 0 24 34 12 31 9 56 25 51 5 55 16 42 27 49 20 48 1 59 18 44 28 50 29 33 2 40 15 11 53 23 58 36 46 26 43 13 39 21 32 10 41 17 6 45 52 37 7 30 4 19 
58 49 38 44 36 30 57 2 9 12 13 29 3 41 4 11 21 1 27 6 19 28 50 51 15 40 16 34 14 48 43 7 55 22 46 0 42 5 32 17 53 20 47 25 33 24 59 23 52 18 37 10 56 26 31 35 54 39 45 8 
0 8 41 45 38 35 15 52 19 14 7 44 12 40 54 6 48 20 2 42 9 47 11 55 5 46 27 32 17 39 33 3 18 30 21 57 13 53 37 29 34 26 49 1 58 23 51 25 56 28 59 24 36 22 31 10 43 4 50 16 
39 52 45 43 0 17 28 29 18 48 6 46 10 59 27 51 23 44 7 33 50 5 37 26 31 8 47 32 12 57 24 30 11 56 3 40 1 2 34 16 49 22 42 19 55 13 35 4 38 9 53 15 36 25 41 20 54 14 58 21 
39 56 32 50 6 0 25 5 9 45 15 31 11 38 27 34 3 41 8 51 4 53 23 58 26 52 20 46 48 21 55 22 54 12 36 10 37 17 35 24 42 19 44 33 29 59 18 47 14 30 28 40 1 57 7 43 13 2 49 16 
51 39 49 42 36 41 10 16 11 23 25 8 48 15 47 20 3 18 44 59 28 37 6 45 0 53 7 40 21 34 12 54 55 32 1 22 52 19 27 50 13 30 4 43 5 33 56 17 58 29 2 24 35 9 46 14 31 38 26 57 
9 11 18 8 44 41 47 32 13 51 19 45 4 54 52 15 35 12 36 0 49 25 39 3 27 55 26 57 10 59 38 7 53 23 42 24 50 29 33 1 58 20 46 16 56 14 40 28 31 17 37 21 30 2 34 5 43 6 48 22 
37 55 34 48 54 31 21 0 14 18 51 2 25 40 10 4 38 5 19 33 27 35 8 44 16 30 13 46 17 47 22 43 12 53 20 36 3 50 29 41 49 9 58 11 45 39 15 26 59 1 42 56 28 24 32 23 57 7 52 6 
42 31 56 40 41 33 16 26 7 24 10 6 19 0 15 29 32 30 27 36 28 46 21 48 1 35 20 50 2 52 37 25 39 9 57 18 58 5 54 17 44 13 55 23 43 12 38 22 47 11 45 8 59 14 34 53 3 4 49 51 
19 3 5 25 8 21 12 42 40 38 44 46 17 37 43 55 22 49 33 34 11 30 58 13 31 7 14 39 28 50 9 32 27 36 6 51 4 2 48 10 57 18 52 26 53 15 56 0 47 20 35 23 41 1 59 29 45 16 24 54 
6 24 21 0 18 37 50 52 46 53 12 34 22 58 29 36 7 40 14 43 28 30 19 47 13 41 27 39 17 59 57 15 42 16 31 25 38 9 35 23 51 3 33 11 32 26 49 2 55 20 56 4 54 5 48 1 45 8 44 10 
58 49 46 44 55 52 36 5 1 20 28 18 33 23 27 4 3 35 0 14 6 9 10 39 47 56 16 57 2 50 7 26 29 45 30 25 43 22 8 37 15 41 38 19 34 48 59 12 24 32 13 17 53 11 40 42 31 54 51 21 
10 14 9 24 32 42 53 55 41 33 49 16 26 43 3 48 20 39 23 47 12 40 11 46 27 58 6 38 25 13 37 59 18 57 22 34 30 52 54 29 28 19 45 15 50 4 44 5 51 17 35 21 2 0 31 1 36 8 56 7 
13 34 14 20 35 12 31 23 52 29 54 40 8 39 24 30 11 57 7 46 45 26 2 28 47 36 19 42 37 27 51 4 43 1 56 15 32 21 55 5 48 3 58 6 59 22 49 17 38 16 53 0 41 10 33 18 44 9 50 25 
32 58 40 50 54 38 31 6 18 19 16 26 15 23 52 36 24 30 17 51 8 35 9 37 14 59 5 49 13 25 55 12 46 4 57 20 44 48 41 21 39 3 34 11 33 29 42 22 53 27 45 10 43 1 7 47 56 2 28 0 
52 55 38 26 12 24 2 23 46 11 44 41 33 31 0 48 43 13 9 18 30 10 40 6 50 21 54 22 56 35 28 8 42 7 32 15 3 57 4 5 53 47 58 16 59 19 39 25 14 49 29 51 36 17 45 37 1 27 34 20 
11 5 16 12 22 9 6 29 43 38 59 44 47 37 52 49 35 58 2 34 15 41 18 40 1 30 26 4 7 42 45 8 31 33 46 17 57 54 20 48 19 55 25 39 13 53 23 27 51 50 21 36 10 28 3 56 14 24 32 0 
8 4 9 37 31 33 30 36 15 48 5 44 13 56 19 54 21 51 24 42 10 35 3 59 12 53 26 38 23 57 32 18 49 2 41 14 27 17 45 25 43 29 7 46 39 11 16 34 6 52 0 55 20 47 28 58 50 22 40 1 
12 24 27 17 28 11 15 21 29 43 52 59 48 49 57 41 37 38 16 50 35 9 33 44 5 36 25 45 8 54 18 42 6 20 56 10 32 13 46 3 47 26 55 14 39 1 53 4 40 0 30 2 34 7 31 23 51 22 58 19 
51 32 21 19 6 38 14 59 29 53 15 45 20 57 26 40 52 8 41 12 1 39 13 34 10 37 24 48 11 43 27 47 17 55 46 3 49 25 54 7 31 0 50 9 36 2 35 4 42 18 44 22 56 23 30 5 58 28 33 16 
29 21 3 26 13 15 45 35 38 55 0 32 7 51 11 49 41 37 8 50 20 52 9 54 22 33 4 56 27 47 34 19 40 17 58 12 6 44 39 43 2 30 16 57 14 28 53 48 31 24 59 5 18 46 10 36 23 1 42 25 
8 57 25 39 4 58 19 54 14 40 1 34 27 43 20 38 18 37 13 42 22 55 28 48 6 59 9 33 3 56 45 11 51 12 46 10 41 5 30 0 32 15 53 17 36 23 47 16 35 2 31 21 52 24 44 7 50 29 49 26 
52 47 18 1 20 14 8 50 32 4 56 33 0 29 38 23 30 5 42 13 53 25 34 58 19 37 43 28 48 12 31 27 45 3 39 22 55 10 51 2 35 21 44 6 36 11 59 26 41 7 40 9 17 57 49 15 54 24 46 16 
8 12 17 24 26 19 22 46 49 36 53 39 44 42 43 1 56 25 45 10 33 9 55 15 31 18 57 47 11 50 21 32 0 51 28 52 16 41 7 58 20 30 14 59 23 38 13 4 54 6 40 3 35 29 34 2 37 5 48 27 
42 49 38 26 29 23 0 46 14 50 48 20 32 58 12 34 19 41 11 13 57 27 55 24 35 36 17 40 9 37 53 16 43 7 22 52 25 18 54 30 15 33 10 44 6 31 21 45 28 47 2 51 3 56 5 4 59 1 39 8 
27 8 45 46 0 33 23 44 25 54 11 51 29 40 2 58 20 57 1 37 28 43 47 3 50 12 41 14 32 15 49 34 24 22 55 16 31 21 56 17 4 42 13 39 7 35 6 38 48 18 52 26 36 9 30 10 53 19 59 5 
15 7 5 29 25 9 57 46 51 55 41 37 42 4 53 23 38 18 54 26 34 52 3 47 6 59 28 49 19 30 0 32 11 35 44 2 45 56 17 58 16 12 39 21 40 27 43 20 33 1 50 24 31 10 48 8 14 22 36 13 
8 31 25 53 19 26 57 58 11 48 22 59 27 43 17 42 7 36 5 34 28 45 3 30 15 38 16 49 18 33 20 52 46 12 54 6 40 4 47 2 50 10 23 56 9 51 0 39 1 37 14 44 41 24 55 29 35 21 32 13 
58 43 42 45 34 29 20 2 5 54 12 7 23 30 3 38 8 19 35 27 13 49 51 11 31 52 22 41 21 16 46 56 14 55 9 37 44 0 40 17 33 28 48 24 59 18 32 15 25 1 36 10 4 57 53 39 47 26 50 6 
16 8 11 4 45 52 49 59 13 56 19 41 10 46 2 42 28 48 23 33 9 40 20 57 18 54 6 39 29 44 58 3 53 5 38 25 37 14 0 36 22 31 15 34 17 30 21 35 12 43 7 51 1 47 26 55 32 24 50 27 
28 6 47 49 8 32 24 11 1 42 46 22 41 12 37 23 50 29 57 53 9 39 0 56 3 36 31 16 38 17 55 25 14 48 21 15 26 40 10 44 20 54 43 7 35 19 58 2 45 18 52 59 33 5 34 13 51 4 30 27 
33 41 32 37 49 36 47 14 10 3 19 2 43 1 26 54 6 7 11 48 30 0 57 18 46 23 58 12 39 15 27 42 13 51 24 52 21 45 8 56 17 53 9 35 20 31 28 59 25 34 22 16 55 5 44 4 50 29 40 38 
25 8 51 30 7 49 11 39 9 52 19 40 20 32 15 55 22 59 17 53 24 56 26 36 2 45 21 58 13 33 34 42 4 44 29 47 50 18 37 31 10 41 6 48 16 46 12 38 0 35 1 57 5 3 23 27 28 54 14 43 
7 10 9 21 16 22 14 36 45 57 46 56 28 53 58 30 47 2 55 49 43 33 17 23 42 1 40 6 41 26 34 18 31 19 13 44 8 38 0 52 25 39 4 37 12 59 51 5 29 54 11 32 15 35 24 50 27 48 3 20 
22 24 40 57 26 37 25 41 12 39 9 50 14 54 5 35 3 30 0 31 23 55 8 44 10 33 7 58 20 32 47 19 48 11 53 28 46 18 56 29 34 2 49 6 45 13 36 15 38 51 27 43 4 42 21 1 52 17 59 16 
58 37 56 57 0 18 9 15 17 25 45 35 16 51 29 46 2 48 12 59 10 40 4 31 7 39 26 41 23 30 36 24 34 11 42 14 33 22 49 3 53 21 44 8 52 1 54 13 43 32 50 20 55 28 19 38 27 6 47 5 
13 2 25 52 38 54 32 14 45 6 30 5 34 18 51 22 53 12 10 47 26 48 11 39 9 37 7 43 46 33 55 17 57 56 21 41 4 40 16 0 3 35 19 31 29 59 44 42 24 20 23 36 8 1 49 27 58 28 50 15 
40 50 35 1 19 2 29 57 3 54 26 33 12 44 21 36 30 18 23 24 45 5 14 49 27 52 9 41 59 20 48 37 39 11 31 53 28 32 25 43 22 46 17 51 16 47 8 58 6 56 13 42 0 34 4 38 15 55 7 10 
42 52 44 59 36 35 34 46 56 9 26 5 11 31 19 14 25 28 27 57 0 3 6 40 2 47 21 55 1 38 50 7 33 29 48 16 41 8 43 17 53 23 30 10 58 20 54 22 39 4 45 13 15 12 32 18 37 51 24 49 
2 10 3 23 22 46 31 39 45 6 30 48 24 40 0 58 16 38 27 41 19 54 5 59 9 49 17 50 29 47 51 11 55 14 37 28 35 15 36 1 44 7 42 4 20 57 34 8 43 12 52 26 53 21 32 13 33 25 56 18 
14 26 13 31 54 34 5 55 11 42 16 43 20 52 27 59 29 48 22 51 23 39 10 41 12 53 25 30 1 58 36 21 49 0 38 19 33 7 47 4 37 2 46 3 56 24 32 17 35 6 45 9 50 18 57 15 40 28 44 8 
30 47 56 38 29 25 28 11 32 23 44 2 31 13 37 14 42 7 33 12 57 35 26 27 51 16 39 10 0 21 41 3 40 5 34 6 52 19 49 22 46 8 45 17 55 18 50 20 53 9 48 15 43 59 58 4 36 1 54 24 
47 38 44 31 45 50 52 57 20 8 5 12 7 37 29 2 27 25 43 24 26 34 21 46 16 59 33 11 39 15 17 55 19 14 48 13 1 36 49 40 22 18 35 51 28 32 9 56 10 58 6 53 0 30 23 54 4 42 41 3 
5 21 22 20 16 31 30 54 33 39 38 36 7 32 35 17 47 11 58 45 9 52 6 44 19 15 13 49 2 42 18 28 12 10 34 8 56 4 59 14 40 25 37 29 55 1 51 3 53 41 26 57 23 48 0 50 27 43 46 24 
48 37 33 54 35 39 15 20 27 10 58 23 31 26 47 22 2 55 28 19 40 1 30 59 12 36 9 17 44 7 13 46 45 0 57 6 41 29 42 25 56 11 49 14 50 5 53 3 32 4 52 16 18 43 21 38 24 51 34 8 
23 46 41 22 39 13 42 7 43 59 6 32 21 30 48 2 34 36 4 25 50 9 45 18 58 26 20 56 3 29 33 27 53 8 38 15 52 12 44 5 51 16 57 17 35 0 49 28 55 10 47 11 31 14 54 19 40 24 37 1 
18 12 1 19 41 49 31 50 57 0 40 13 52 4 55 22 47 9 35 26 36 16 59 24 42 51 10 44 34 15 45 25 39 21 33 23 53 11 32 5 56 20 17 6 38 27 43 28 48 14 54 2 46 8 37 3 30 29 58 7 
49 36 44 47 54 32 55 17 8 21 19 24 3 13 2 48 1 59 9 38 12 43 6 41 25 33 27 45 26 46 31 29 53 15 57 28 39 16 52 10 30 14 58 18 51 20 40 23 50 0 56 22 35 42 11 5 4 34 7 37 
28 6 19 9 15 17 42 21 44 59 50 30 51 38 56 34 55 45 0 57 13 46 20 41 4 40 2 43 1 31 32 12 54 24 36 22 39 5 37 11 53 10 33 8 48 29 18 49 23 58 52 25 16 14 26 47 3 7 35 27 
11 14 6 25 52 47 19 36 4 54 58 43 8 40 5 41 9 39 1 45 48 21 18 53 12 44 30 56 17 57 7 55 28 51 0 35 10 3 20 31 33 15 42 2 13 32 38 27 50 37 16 22 34 26 49 24 59 46 23 29 
