52 56 57 45 49 32 47 53 15 0 6 5 7 16 26 3 39 21 1 22 44 23 68 38 24 17 48 36 67 37 41 64 35 33 43 42 30 66 69 60 62 8 55 9 31 65 40 54 46 2 10 51 20 63 13 19 58 18 61 25 29 34 11 14 12 50 27 28 59 4 
39 41 49 50 59 35 53 67 40 33 66 20 17 13 19 8 22 16 10 12 57 26 31 11 30 5 21 52 34 65 38 37 44 46 24 60 14 28 63 2 56 7 48 36 29 18 69 0 47 61 23 42 9 62 15 55 51 54 64 3 32 27 68 6 43 1 45 4 58 25 
7 21 19 39 34 32 65 58 44 66 47 63 36 14 12 51 24 28 37 54 55 60 42 50 68 56 31 22 23 10 17 69 1 64 6 11 49 20 40 41 67 26 53 2 43 16 33 4 35 3 27 59 25 61 13 52 45 15 57 0 48 18 30 9 38 5 62 8 46 29 
48 54 39 38 65 45 55 69 37 22 8 28 6 16 14 36 3 2 24 64 10 63 1 30 18 27 31 53 35 32 49 60 47 13 21 29 46 5 43 61 50 67 68 56 51 20 62 9 59 25 34 4 52 11 40 15 44 19 57 26 58 23 42 12 33 7 66 0 41 17 
64 33 46 67 37 60 30 39 63 47 14 3 0 7 18 28 4 5 32 24 29 20 19 15 58 22 44 40 54 42 31 50 68 56 62 55 69 66 65 23 38 11 51 21 45 26 52 8 36 6 61 13 1 48 17 59 34 25 41 2 9 53 16 57 12 35 27 49 43 10 
39 37 67 48 49 24 16 3 8 33 22 29 63 1 41 10 17 53 20 34 56 5 40 0 30 42 31 66 52 65 51 58 32 18 35 2 46 36 61 26 55 27 57 23 64 14 44 13 60 6 54 19 68 25 43 7 59 9 69 15 45 12 38 21 47 11 50 4 62 28 
67 65 45 43 31 56 30 36 44 33 52 40 53 66 69 5 22 29 3 18 9 2 17 61 21 64 28 6 27 15 14 1 4 26 24 46 50 32 54 35 16 62 25 47 11 34 12 38 57 60 37 55 48 41 19 59 7 51 49 10 58 0 8 23 42 20 13 39 68 63 
38 61 68 44 4 22 16 25 3 28 26 30 9 32 11 59 23 35 17 60 14 57 7 52 27 39 0 41 29 66 58 40 48 42 34 50 8 63 62 12 64 19 47 45 69 43 51 33 49 67 6 20 56 18 46 13 21 53 5 54 1 31 2 65 37 10 24 15 36 55 
5 25 18 27 12 11 63 33 50 37 68 35 64 30 41 38 48 19 43 8 44 2 53 58 23 34 16 29 9 60 28 13 31 15 0 36 45 69 42 65 4 26 56 22 62 39 49 57 32 47 20 7 51 55 59 54 66 40 6 3 61 10 14 1 46 17 21 52 24 67 
19 6 17 41 58 65 37 51 69 49 66 46 62 47 0 38 29 60 12 36 3 50 21 31 42 28 61 10 32 18 57 14 20 44 59 5 48 45 34 13 24 8 4 16 1 7 27 23 68 64 9 15 35 53 33 52 63 39 55 43 56 40 2 25 67 11 54 26 30 22 
3 5 26 61 52 69 49 36 51 67 41 8 16 44 10 33 21 37 19 47 15 48 25 34 1 54 27 62 43 17 55 13 60 28 42 46 32 53 50 45 39 30 7 63 23 40 9 56 6 31 29 64 12 57 22 38 59 66 20 68 11 2 24 65 0 35 18 58 14 4 
66 33 4 14 1 15 64 30 6 22 68 19 47 26 62 36 59 21 9 43 7 50 13 46 48 51 38 53 39 57 8 67 58 56 29 41 11 63 24 49 17 31 25 35 10 42 3 61 32 27 20 0 37 60 16 65 18 55 2 69 28 45 23 40 44 52 12 34 5 54 
62 51 38 54 30 31 10 28 0 7 33 36 52 47 53 32 68 67 55 34 3 19 63 14 44 13 46 27 42 18 37 2 41 9 57 26 56 17 59 16 35 6 60 24 65 5 61 21 50 15 39 4 69 25 49 23 58 11 43 20 45 8 40 29 64 1 48 22 66 12 
0 19 46 51 59 39 25 67 10 42 29 37 3 53 26 40 6 55 8 64 24 41 4 49 14 50 2 30 60 62 17 44 23 52 13 35 1 47 34 15 57 68 48 43 69 32 66 31 38 45 36 58 11 21 22 9 18 33 65 12 20 63 7 61 5 28 54 27 56 16 
30 37 63 43 54 55 15 28 6 25 46 17 47 67 59 50 19 11 20 0 35 10 48 12 23 45 24 41 42 57 64 52 49 62 22 60 1 32 14 68 29 65 8 13 61 4 58 5 27 34 38 2 66 16 33 26 40 7 31 18 44 9 56 36 51 3 53 39 69 21 
69 54 35 47 50 60 42 0 15 21 49 4 9 30 6 16 36 8 65 3 31 7 61 5 45 19 39 40 43 34 63 64 46 33 12 11 2 20 58 56 10 26 32 44 1 52 38 29 68 25 67 41 23 59 22 37 18 51 14 53 13 62 27 24 48 28 57 55 17 66 
69 55 41 47 34 30 62 68 24 10 13 21 36 0 28 64 3 6 65 26 4 49 5 59 9 48 14 40 19 52 33 17 56 32 51 57 45 50 46 31 35 23 54 2 66 11 42 8 38 27 63 12 60 15 43 25 39 18 44 22 37 29 53 1 61 16 58 20 67 7 
67 57 69 45 64 65 38 49 12 5 28 58 0 21 10 33 26 18 25 23 11 8 4 41 15 54 20 34 2 40 32 30 56 46 50 27 48 63 39 62 68 35 53 19 14 43 66 6 52 17 47 42 36 31 29 7 60 3 13 16 59 1 44 22 55 24 37 9 61 51 
7 40 43 56 63 67 69 46 55 37 45 32 61 65 52 10 18 6 1 0 16 28 53 42 48 21 36 34 24 25 4 23 62 50 35 64 47 2 9 19 14 13 33 26 44 54 51 29 57 22 59 20 58 39 12 66 8 49 5 30 3 31 15 60 38 17 41 11 68 27 
46 59 51 52 47 35 58 63 28 22 18 17 27 4 53 10 24 15 32 0 40 11 60 6 41 9 30 26 34 21 68 19 43 14 50 44 7 1 67 25 5 66 16 57 62 45 36 23 42 29 8 38 3 33 2 61 55 31 65 64 49 69 48 56 54 12 37 39 20 13 
56 58 7 14 3 38 21 52 29 31 34 22 57 28 60 20 43 54 1 53 27 42 9 49 46 15 62 64 41 67 68 47 36 39 6 32 25 5 63 4 37 12 66 2 48 45 26 51 35 17 33 8 40 23 55 10 69 0 65 50 19 44 11 61 13 59 18 30 24 16 
31 61 68 60 42 65 64 58 38 48 4 2 45 24 12 0 56 27 6 17 35 11 9 1 13 66 26 40 44 54 32 43 30 63 49 53 51 15 47 7 55 28 33 10 3 36 67 16 39 19 57 14 50 5 69 20 46 23 37 21 41 18 29 59 8 52 34 62 22 25 
36 31 57 59 30 37 43 20 10 12 28 22 11 34 17 8 16 14 3 27 64 5 23 6 50 51 15 54 25 48 33 56 68 61 47 62 46 45 53 49 60 65 44 40 7 42 1 41 9 63 29 32 18 67 19 26 35 13 55 24 69 2 66 21 52 4 38 39 0 58 
55 43 50 48 34 53 57 59 46 23 12 3 4 13 18 11 20 61 7 6 0 65 16 33 15 37 28 69 14 41 54 44 60 2 62 26 9 47 36 56 39 63 45 68 49 30 64 32 42 25 21 24 17 51 5 35 66 10 22 67 1 38 58 8 52 27 40 19 31 29 
44 33 68 56 34 28 20 9 8 27 21 26 5 43 12 46 2 69 18 64 31 30 23 40 41 14 57 65 63 48 42 50 37 55 67 3 22 39 4 66 17 49 10 62 16 53 60 25 45 6 54 15 51 58 61 47 29 32 38 13 0 36 1 7 52 24 19 35 11 59 
47 48 46 60 31 44 42 63 65 37 2 7 14 17 28 49 21 9 40 4 6 1 23 41 18 11 12 33 54 39 53 30 56 51 67 68 52 43 32 20 16 66 0 8 58 22 36 10 35 27 38 26 69 55 5 34 29 45 15 61 19 59 3 64 25 62 24 50 57 13 
62 36 38 33 59 64 9 4 2 22 23 12 18 60 26 61 1 5 46 20 54 0 41 67 34 17 56 16 53 8 57 52 63 40 47 49 32 45 50 31 68 10 37 24 35 6 69 25 66 3 55 11 30 19 58 27 65 28 48 13 51 15 39 21 43 14 42 7 44 29 
63 62 53 49 50 40 61 39 12 2 24 27 14 10 56 3 11 46 37 57 18 30 59 31 26 58 16 55 9 20 52 65 5 36 68 1 45 48 42 38 44 21 32 13 67 28 69 15 41 25 51 17 35 7 66 22 64 19 43 6 33 4 47 29 54 23 60 0 34 8 
64 49 65 34 45 30 48 41 47 66 2 8 12 29 26 20 44 15 4 52 25 11 68 3 37 24 16 6 58 7 62 59 33 35 55 42 51 69 63 31 61 40 53 28 46 13 0 32 27 43 21 38 9 39 19 57 23 60 5 36 17 18 56 10 67 1 54 14 50 22 
8 43 44 59 66 32 35 68 39 64 29 23 3 18 15 0 24 40 17 58 26 30 4 38 34 31 51 37 54 50 33 2 49 42 20 27 13 61 41 62 19 56 21 55 14 67 10 25 65 11 52 12 45 69 60 16 46 6 48 7 57 9 63 5 47 1 36 28 53 22 
27 8 21 23 26 54 61 30 63 18 57 17 28 3 62 0 41 50 35 42 45 7 69 5 4 24 38 68 40 64 59 51 39 60 46 32 31 66 65 47 49 14 37 48 56 36 11 15 67 16 6 55 9 44 13 34 20 19 25 10 58 12 22 43 2 33 53 1 52 29 
25 7 29 26 2 20 6 43 63 37 67 30 57 55 62 47 64 59 52 53 32 51 34 35 61 40 65 1 22 16 58 23 9 45 12 10 14 48 11 56 13 3 66 4 69 50 46 42 60 31 41 18 54 5 49 36 0 38 24 68 19 15 8 39 27 28 21 17 44 33 
24 8 27 61 64 60 57 42 51 53 58 67 30 39 2 7 63 56 34 1 68 18 33 10 46 54 6 40 14 65 11 17 41 26 0 4 5 22 9 31 23 19 45 44 55 37 36 69 43 49 25 13 38 20 32 29 48 35 12 62 16 59 21 47 15 28 52 66 50 3 
41 69 35 52 54 33 68 51 36 34 21 11 23 16 17 4 3 24 20 64 8 55 22 48 28 39 15 53 7 59 45 60 61 66 31 30 47 37 0 5 27 57 1 62 29 38 56 42 67 58 46 50 14 49 43 9 65 2 32 6 19 44 13 25 40 18 63 10 26 12 
47 34 63 68 62 60 36 40 67 45 32 51 33 56 59 38 21 20 10 17 1 27 0 26 29 4 16 6 13 11 69 28 25 24 19 8 61 49 58 15 30 18 2 64 9 50 5 46 41 43 44 39 55 65 66 48 53 12 52 22 31 7 35 23 42 14 57 37 54 3 
41 48 51 62 69 50 22 21 7 3 12 15 25 13 58 8 65 37 35 67 14 44 19 31 9 40 23 64 1 53 60 61 42 56 39 30 68 29 34 57 26 46 24 2 32 28 27 63 33 52 11 38 18 55 49 17 47 54 10 43 59 0 66 4 20 16 45 5 36 6 
56 51 23 5 3 62 17 49 25 37 2 38 12 46 26 60 28 53 0 35 10 48 22 32 11 45 16 61 9 43 65 57 55 30 36 67 64 50 31 40 68 29 42 27 69 14 47 4 33 6 54 15 41 1 66 20 63 21 44 8 39 19 34 24 58 13 59 7 52 18 
59 52 57 61 31 66 46 29 24 13 28 9 2 5 12 41 4 62 7 44 6 68 1 60 18 33 0 58 8 64 39 56 47 48 63 55 45 37 49 40 36 26 65 21 51 27 53 10 30 14 35 23 32 11 54 17 43 25 42 19 50 16 67 3 34 20 38 22 69 15 
18 48 36 64 31 65 56 60 62 38 23 5 3 49 13 26 54 16 29 51 15 45 2 58 24 35 1 67 4 34 22 69 20 59 17 39 14 47 12 42 9 8 41 32 43 37 61 66 46 30 57 10 63 0 53 7 68 11 33 25 55 52 21 27 50 6 40 28 44 19 
61 31 66 53 37 65 59 8 4 28 27 17 15 23 21 56 18 58 63 30 39 57 40 47 68 41 36 50 6 32 2 51 11 43 20 54 13 0 34 14 69 24 45 22 44 1 46 29 49 16 35 25 42 62 33 10 48 26 55 19 60 12 67 9 38 7 64 5 52 3 
46 55 44 54 34 31 42 50 63 52 20 4 1 12 25 0 21 27 59 69 9 8 28 23 6 29 40 3 68 10 24 16 14 7 43 67 41 36 62 58 65 60 61 32 53 56 51 15 45 22 48 47 66 26 49 13 11 18 35 33 39 17 37 57 64 2 5 30 38 19 
29 6 20 49 65 63 60 64 52 13 18 32 23 55 15 45 68 14 28 31 35 61 8 2 7 3 40 48 56 37 21 43 25 39 9 54 50 69 46 62 42 33 24 36 58 51 59 4 66 11 47 44 19 1 53 30 57 38 26 0 27 41 17 34 16 5 22 12 10 67 
61 36 57 54 38 49 41 58 46 47 45 40 39 4 27 7 28 50 10 2 35 14 17 24 8 22 29 13 25 3 20 6 53 60 52 59 67 63 68 34 32 42 55 16 33 19 62 1 48 43 23 64 11 69 9 44 5 31 21 51 26 37 0 30 15 56 12 65 18 66 
33 42 50 54 43 32 67 2 29 16 8 25 63 4 28 13 41 3 35 27 56 57 20 59 53 47 49 52 69 36 7 30 22 34 62 19 39 66 31 1 64 24 37 12 51 15 40 9 65 21 61 5 14 46 10 58 18 60 26 0 55 23 17 68 44 11 38 45 48 6 
55 37 12 28 16 34 9 44 24 65 7 58 23 63 13 46 1 59 10 54 6 51 2 64 22 40 25 43 21 48 32 36 66 53 52 45 41 31 39 60 47 5 57 14 50 18 67 4 69 17 33 15 68 11 38 27 35 0 56 26 62 8 30 3 61 20 42 19 49 29 
32 64 44 60 37 52 53 30 36 51 65 54 55 25 0 15 3 8 24 9 21 2 40 5 6 66 11 28 10 56 62 50 1 17 68 33 22 13 7 57 38 12 45 14 61 16 27 49 20 35 67 43 59 42 48 58 34 31 46 29 69 4 47 41 39 63 23 26 18 19 
34 58 12 48 6 52 10 30 21 68 16 39 3 59 2 54 14 41 22 63 28 32 20 55 9 46 4 65 11 45 35 43 67 64 57 47 56 40 42 44 60 13 69 23 17 38 24 18 5 53 37 49 61 33 51 31 50 27 29 36 7 1 15 62 8 66 26 19 25 0 
5 16 6 29 14 8 63 39 56 50 48 21 26 31 12 3 0 47 38 66 44 32 49 51 53 42 36 34 27 41 67 4 40 7 43 15 35 11 59 22 68 19 62 1 58 2 20 60 55 69 54 37 30 23 46 13 25 57 24 45 10 52 17 64 28 33 9 61 18 65 
6 20 18 7 24 2 1 5 13 17 69 57 67 52 38 61 62 45 37 66 49 44 34 30 36 35 48 55 32 39 59 54 63 68 0 3 9 53 47 8 58 41 15 29 51 21 25 50 64 56 14 40 28 23 33 19 12 4 27 43 46 65 60 11 16 26 10 42 22 31 
65 42 36 62 32 19 9 5 11 14 1 53 4 56 23 34 7 38 16 35 0 31 26 47 25 37 15 55 2 64 39 40 68 57 50 44 45 30 41 52 61 3 43 20 67 24 48 21 54 28 60 12 59 27 66 29 49 13 46 8 69 10 58 22 33 18 63 6 51 17 
