30 31 51 58 48 66 44 57 42 43 10 1 11 6 17 29 70 45 21 5 9 79 47 28 23 3 22 4 53 25 20 14 40 78 16 63 38 67 35 54 74 37 39 68 36 76 60 50 52 72 33 46 71 75 12 32 27 59 18 62 26 69 56 15 73 8 55 2 77 19 64 0 34 13 65 41 24 61 49 7 
39 47 49 50 60 55 66 33 46 63 69 37 27 13 6 19 17 1 11 9 3 56 23 14 22 25 18 64 28 5 62 76 29 70 36 42 75 73 51 35 41 54 48 43 52 31 72 61 59 32 65 57 53 12 77 4 74 15 40 38 24 79 67 0 44 2 78 10 30 20 58 16 34 8 45 7 71 21 68 26 
12 77 39 53 46 59 72 37 9 57 19 17 25 43 29 21 27 31 7 3 8 33 14 44 5 75 54 51 78 40 66 52 42 47 74 71 30 11 55 28 38 62 64 79 41 73 69 49 67 63 36 6 60 10 34 18 35 13 56 24 68 20 32 50 70 23 45 0 65 4 76 58 61 15 26 22 2 16 48 1 
31 61 53 36 37 33 69 34 64 12 3 20 8 74 7 4 10 1 48 25 44 75 54 66 39 55 16 67 21 49 14 77 23 46 29 43 24 56 78 47 65 35 73 40 32 41 60 76 30 51 42 17 59 72 2 45 0 62 9 70 26 57 11 18 71 22 79 13 63 19 68 15 58 27 50 5 52 6 38 28 
70 50 77 41 47 23 21 29 16 8 36 19 12 79 5 74 22 30 3 20 0 61 17 43 1 78 26 67 25 35 52 69 37 9 38 6 76 59 54 44 58 39 71 75 45 40 34 32 62 48 56 42 63 53 55 72 4 31 13 65 14 33 24 64 2 7 73 27 49 28 46 15 57 11 66 60 10 68 18 51 
31 34 45 48 60 70 46 67 68 79 18 5 29 42 28 3 7 19 11 14 10 59 8 22 65 54 52 58 39 61 32 56 49 69 50 78 4 44 20 26 30 23 33 0 35 72 53 36 63 51 71 75 76 47 73 16 43 2 64 12 62 15 38 9 40 17 55 27 41 1 74 13 57 25 77 21 37 24 66 6 
30 31 33 43 63 45 62 76 41 13 16 26 3 9 8 21 23 27 73 53 77 35 74 69 72 60 78 34 58 68 15 55 25 79 24 56 10 39 6 46 22 32 40 44 71 64 48 36 52 59 38 17 57 0 47 7 66 14 54 12 67 29 37 18 75 11 49 5 51 28 61 19 70 2 65 4 50 1 42 20 
53 79 50 72 74 48 71 66 56 3 15 13 4 52 22 14 12 47 16 77 28 70 40 64 21 44 30 51 75 69 41 63 76 35 59 49 54 34 57 39 23 60 19 65 18 1 43 55 32 62 42 29 38 5 68 27 37 9 67 24 61 0 31 17 33 8 78 10 58 11 6 20 2 73 46 26 36 25 45 7 
8 17 13 18 26 1 29 51 49 69 41 61 77 44 47 76 67 10 27 65 2 53 7 39 20 59 21 32 6 72 52 40 75 48 36 38 30 62 34 68 66 70 74 55 33 37 43 73 71 60 50 15 57 5 63 24 64 9 78 4 31 23 42 12 79 28 45 16 54 0 58 3 56 19 46 22 35 25 11 14 
56 72 32 60 59 49 44 35 52 62 23 1 0 29 19 10 20 9 26 13 5 67 17 41 7 74 45 61 39 30 70 69 36 68 63 43 73 50 65 34 51 12 66 2 79 75 53 18 71 64 38 46 40 57 77 48 22 31 54 3 37 25 21 33 11 27 58 4 8 78 15 47 24 76 6 16 55 28 42 14 
58 54 42 41 34 57 74 49 47 4 10 8 16 59 17 9 32 29 38 15 68 51 60 39 73 26 44 27 61 55 69 30 45 71 72 7 36 14 63 77 52 56 62 31 79 6 50 19 48 20 78 5 75 0 35 2 37 1 53 25 76 21 70 23 66 18 46 28 65 13 67 12 40 22 43 24 64 3 33 11 
71 32 70 40 46 43 50 63 52 57 38 41 34 74 73 4 12 9 8 22 5 20 78 13 26 28 27 10 11 21 2 14 35 30 3 47 64 62 53 65 55 58 72 59 76 39 75 68 49 44 31 25 48 29 66 17 42 23 54 61 79 60 51 18 56 15 33 19 77 0 1 24 37 6 45 36 7 69 67 16 
53 60 43 54 33 13 29 77 8 15 25 16 79 7 56 73 42 49 40 78 55 74 64 18 41 19 31 0 67 21 32 28 76 10 52 17 71 11 72 34 36 30 51 65 75 5 62 39 2 37 22 70 46 48 69 61 45 59 47 44 38 35 58 50 6 24 68 9 4 12 57 14 66 1 63 20 27 23 26 3 
44 77 68 63 54 71 62 74 60 56 46 13 17 1 21 12 19 27 25 58 9 28 5 47 14 29 2 20 7 55 66 78 72 75 49 57 38 40 37 42 61 51 70 65 48 76 39 35 30 79 33 41 32 26 59 4 43 10 67 8 31 11 69 22 73 15 3 36 6 34 0 45 50 18 64 23 53 16 52 24 
79 61 74 32 42 37 16 22 43 27 1 5 4 15 0 47 56 65 26 20 63 2 76 25 75 9 46 29 71 30 53 64 38 66 41 62 73 55 49 35 67 39 28 54 14 31 13 78 3 11 58 18 40 7 33 12 50 51 52 72 70 68 59 34 57 36 77 60 17 69 19 44 8 10 45 24 21 6 23 48 
56 55 71 30 61 42 77 78 43 33 59 35 57 32 65 44 58 53 8 70 12 3 13 1 25 5 18 4 19 76 64 0 15 31 14 67 27 26 9 6 21 7 22 24 2 10 74 23 36 46 45 34 28 75 68 40 73 51 72 48 54 37 69 49 62 47 38 60 66 52 39 79 50 16 20 63 29 41 17 11 
18 28 20 29 13 25 51 49 38 42 70 32 59 71 61 35 30 73 69 72 55 64 45 53 74 10 31 78 17 24 50 54 33 34 75 63 7 11 19 52 3 12 4 27 5 47 16 44 6 41 67 56 40 60 77 39 37 68 8 65 21 57 1 79 58 14 23 66 22 48 46 36 2 62 0 76 9 26 43 15 
6 74 46 68 67 48 36 53 57 44 50 72 40 21 14 60 56 29 33 2 62 15 42 25 65 7 24 73 28 49 8 38 11 77 4 31 27 32 13 59 64 26 37 1 34 19 39 12 52 16 43 0 55 3 71 47 9 63 75 30 76 18 17 10 5 20 54 58 70 35 41 78 69 51 66 61 45 22 79 23 
63 79 74 64 77 40 75 54 66 52 44 53 55 60 43 76 7 21 10 12 17 2 6 31 14 18 15 1 11 19 47 28 5 56 41 73 62 35 39 27 25 30 9 70 4 61 33 42 59 36 69 51 34 45 65 37 46 49 71 72 8 78 20 32 24 48 50 0 57 13 23 3 38 67 29 68 22 58 26 16 
45 77 70 49 62 55 40 30 67 26 14 37 29 15 8 16 52 7 9 38 28 3 24 20 69 33 48 66 46 71 76 51 44 53 36 42 32 74 13 41 47 73 56 78 57 72 64 65 79 58 39 0 60 4 34 27 54 21 68 5 63 11 10 50 19 18 1 17 2 43 6 35 75 12 59 25 31 22 61 23 
54 50 51 61 72 69 45 31 68 43 1 7 13 25 8 12 18 11 2 64 48 28 16 6 15 66 14 55 5 41 73 44 33 34 49 46 52 76 37 53 71 59 60 65 35 74 67 36 38 70 63 23 57 22 62 9 77 27 47 26 32 0 78 29 39 24 75 19 79 4 42 20 40 10 30 17 56 3 58 21 
15 13 7 25 73 59 77 41 76 68 38 47 79 35 52 30 49 33 63 71 57 56 55 44 67 3 10 66 64 20 5 31 8 46 21 42 12 48 18 39 6 62 28 78 17 32 53 65 50 37 58 19 54 26 43 24 61 4 40 2 36 14 72 27 74 16 75 23 45 11 60 29 34 70 1 0 51 69 22 9 
35 59 67 65 44 53 48 75 57 63 60 34 0 3 21 9 5 24 76 1 17 12 13 66 11 29 25 7 2 26 23 62 20 78 41 43 18 58 10 28 8 73 4 64 36 42 51 70 31 45 47 19 56 6 37 52 38 74 30 27 49 22 14 16 50 61 32 69 40 39 46 33 68 79 77 72 55 71 54 15 
67 37 30 69 73 54 55 41 53 70 58 63 57 46 75 48 44 17 22 10 14 1 7 76 6 25 20 68 2 3 45 9 0 11 60 21 13 28 78 15 4 31 52 38 23 61 71 49 47 34 40 77 32 50 43 24 36 5 16 64 66 39 35 8 12 51 33 29 72 19 65 27 59 18 62 56 26 79 74 42 
7 11 18 29 22 31 40 56 66 76 50 73 67 48 79 75 51 53 78 61 32 25 28 14 15 63 23 59 47 19 20 3 2 26 8 9 0 60 69 77 43 35 45 70 52 38 42 54 30 34 46 57 64 72 55 41 1 5 36 17 71 49 74 33 44 68 65 37 6 21 27 13 16 39 58 10 24 12 62 4 
73 57 63 79 33 51 36 47 30 34 76 38 69 35 75 50 54 21 2 5 14 29 65 19 25 18 0 40 17 24 22 1 26 28 41 66 42 74 49 67 68 71 44 78 77 43 46 62 16 52 13 53 10 48 7 70 3 4 27 20 72 6 59 55 64 61 37 45 8 56 23 31 12 58 9 60 32 11 39 15 
73 62 47 69 64 44 42 33 25 9 26 7 34 56 10 72 3 5 11 36 8 79 2 66 4 0 29 46 24 71 48 13 49 45 50 57 32 59 38 54 76 70 39 68 67 53 30 77 60 43 61 28 40 15 31 1 37 20 63 27 75 21 58 17 16 65 23 52 6 35 41 14 78 18 74 12 55 22 51 19 
43 50 61 32 44 73 55 37 30 75 72 76 63 5 20 10 21 15 18 53 8 23 6 24 9 35 28 71 12 14 22 46 70 19 52 68 51 41 57 38 56 39 78 74 66 65 67 62 33 48 60 34 16 64 0 31 26 77 29 58 11 59 47 13 42 25 79 17 45 2 69 4 49 27 54 7 36 3 40 1 
3 15 13 21 22 20 12 5 49 70 56 61 55 73 48 79 33 71 63 34 75 62 78 54 57 44 36 66 72 45 11 68 52 14 65 17 41 4 16 77 23 40 43 18 38 29 74 26 32 1 59 0 37 27 35 10 30 42 47 53 60 6 76 19 58 8 46 50 31 24 69 2 51 7 64 25 67 9 39 28 
14 30 65 48 35 73 43 38 27 33 2 26 22 4 61 7 1 11 15 42 3 39 19 64 52 71 78 17 62 57 69 44 75 55 63 41 49 53 32 45 79 70 59 47 76 74 34 67 46 54 56 24 40 50 12 51 9 68 6 66 18 37 77 28 31 23 10 13 60 8 72 21 36 16 58 0 20 5 29 25 
11 56 73 52 54 45 70 43 42 38 64 32 57 62 68 75 35 59 24 15 7 29 10 1 22 23 5 16 47 0 3 17 26 50 79 12 48 34 55 61 40 78 72 36 77 74 63 33 67 51 18 69 14 25 28 19 76 6 20 46 66 44 53 60 39 30 4 9 49 71 65 2 41 27 21 13 31 8 37 58 
52 75 70 68 53 58 39 46 61 45 37 30 41 77 8 1 6 13 5 27 17 0 18 2 49 29 9 12 14 51 28 23 22 59 42 65 57 50 67 44 43 79 71 55 62 31 35 69 54 72 74 47 63 76 73 33 21 78 16 36 19 40 26 15 38 34 56 24 3 32 7 60 66 11 10 4 64 25 20 48 
75 57 35 32 10 6 4 38 61 58 19 78 26 60 20 79 17 69 45 40 62 47 56 51 8 68 25 66 2 37 28 73 5 59 21 41 70 53 71 52 43 46 65 54 30 74 76 34 49 39 64 12 72 15 50 9 77 1 33 67 44 55 36 31 18 13 0 63 3 23 14 42 7 27 48 24 29 16 11 22 
11 16 8 0 29 6 2 77 75 56 40 46 41 57 73 37 68 45 47 70 76 51 44 43 61 55 65 58 79 35 18 63 48 69 72 32 13 34 15 52 25 54 22 78 17 59 14 53 27 36 3 71 1 67 4 64 24 50 33 7 31 26 21 39 19 74 12 42 23 30 9 60 49 5 28 66 10 38 62 20 
43 63 71 77 45 55 68 62 65 58 38 40 27 13 15 10 49 22 23 21 30 42 44 12 70 60 35 25 53 20 50 51 2 47 19 37 6 46 0 33 18 64 3 56 14 57 32 54 34 76 75 67 79 41 31 36 48 66 8 5 72 24 73 29 4 74 26 52 28 78 16 39 1 7 61 17 59 11 69 9 
2 7 4 19 22 13 24 36 76 37 40 63 54 48 45 68 31 79 47 52 34 56 32 71 35 55 59 42 78 49 53 65 6 43 25 33 26 58 12 66 27 64 29 57 20 51 67 46 30 38 72 15 70 5 77 9 41 11 60 16 50 28 69 0 74 21 75 18 61 3 1 17 23 14 39 73 62 8 10 44 
35 44 37 75 54 36 9 10 17 5 22 51 26 59 15 49 0 19 16 25 4 65 27 52 58 71 73 31 55 61 47 41 34 62 79 50 45 70 6 72 74 21 76 64 66 46 57 8 56 7 48 24 40 43 69 32 77 18 42 11 39 28 68 1 53 20 60 3 33 13 63 29 38 30 12 2 23 14 78 67 
78 75 31 49 65 61 41 30 71 17 19 10 14 48 2 60 38 3 20 63 16 11 12 0 15 45 26 1 4 68 9 69 42 46 40 73 79 33 51 35 39 58 62 52 76 57 44 53 54 37 64 43 36 56 32 47 7 50 24 29 55 21 70 5 74 72 23 67 13 34 22 18 28 66 77 27 59 25 8 6 
13 28 3 2 24 19 10 34 42 41 61 52 38 67 37 71 54 79 49 64 17 50 0 32 23 53 18 48 16 35 40 43 68 66 76 56 47 65 75 59 30 78 58 45 33 70 31 60 55 57 63 27 77 1 51 15 44 26 36 14 74 11 39 12 62 20 21 22 46 29 69 5 72 6 7 8 25 4 73 9 
75 69 51 43 38 30 42 66 63 64 70 23 1 5 26 6 19 24 29 67 7 28 14 18 10 32 13 65 37 35 53 33 39 59 34 79 41 49 76 48 55 44 68 62 57 71 46 52 78 36 45 12 47 15 0 56 3 60 9 21 54 73 25 61 11 31 17 22 58 2 77 8 72 4 50 20 74 27 40 16 
17 9 3 16 0 23 8 11 6 59 40 76 70 35 61 77 60 71 45 42 66 54 43 73 56 31 41 78 47 30 24 46 18 38 29 37 33 75 51 62 49 21 27 13 74 2 14 4 39 67 19 12 55 68 44 65 50 57 63 58 7 48 64 10 34 1 72 25 53 28 52 15 36 5 32 20 26 69 22 79 
63 39 75 58 45 62 57 68 76 30 65 59 44 67 69 46 21 29 12 20 27 36 18 22 37 17 16 9 3 19 5 64 52 41 48 78 23 47 61 56 54 13 6 70 26 77 2 1 34 8 33 49 55 71 72 38 66 60 53 51 7 50 0 74 14 73 15 40 25 11 79 28 43 24 10 31 35 4 42 32 
61 39 75 46 48 60 34 68 56 33 15 25 16 0 26 67 20 57 19 6 23 1 18 11 7 50 28 30 8 3 42 45 14 78 43 32 72 38 36 37 71 49 64 47 53 40 65 35 74 54 77 24 59 5 41 4 66 17 63 27 31 10 44 22 51 58 79 52 69 13 55 12 62 70 29 76 2 9 73 21 
23 10 11 20 4 24 5 19 3 72 35 47 65 32 53 43 61 52 49 57 75 38 64 39 31 34 77 73 48 60 76 59 58 63 67 50 18 41 74 62 78 56 54 26 69 22 55 40 1 25 71 14 13 27 79 37 68 70 51 46 0 30 7 33 9 12 16 15 44 6 45 29 8 66 21 2 28 17 42 36 
23 16 36 45 47 74 38 48 41 75 66 65 62 59 19 6 77 4 21 53 2 9 10 73 25 58 20 39 29 14 24 50 46 33 63 57 31 69 60 44 42 72 34 79 67 71 30 54 43 64 26 52 37 27 70 68 76 40 55 32 7 61 15 78 13 56 11 49 3 28 18 0 51 35 5 17 1 12 8 22 
11 69 30 70 51 53 40 75 71 66 67 72 49 39 22 14 26 0 8 31 21 47 13 74 17 36 16 58 9 43 37 48 54 34 19 23 15 73 29 28 38 12 7 6 1 18 64 41 65 60 78 44 50 42 55 68 57 56 35 25 32 52 77 45 61 76 79 59 63 3 62 27 33 24 10 5 46 4 20 2 
14 0 7 3 35 63 66 22 76 43 24 26 1 46 40 64 77 51 31 37 59 71 58 20 45 78 60 65 62 75 74 50 15 56 5 44 8 68 69 48 70 39 72 30 42 33 73 54 55 38 41 28 49 19 57 29 52 2 67 18 79 25 61 21 53 10 32 11 36 9 13 47 34 23 27 12 4 16 17 6 
26 21 47 55 2 64 6 61 4 36 1 30 31 18 56 11 78 37 52 74 42 49 41 34 69 28 63 24 39 29 44 23 35 22 43 7 73 19 72 45 67 70 77 33 57 79 65 62 51 50 53 10 48 3 59 12 46 5 76 13 68 17 58 14 40 27 75 20 54 16 71 0 32 15 60 25 66 9 38 8 
55 61 45 32 51 69 76 58 67 50 56 33 42 48 47 52 34 30 40 19 28 49 5 22 11 8 57 4 70 12 14 23 15 27 7 10 6 64 65 13 44 21 9 16 39 24 74 2 75 26 18 17 31 1 71 53 3 37 43 0 41 25 66 29 54 59 63 62 35 73 38 46 79 78 72 20 68 60 36 77 
65 44 41 39 43 78 47 10 0 23 27 9 6 19 61 5 7 22 17 59 51 14 76 20 3 70 79 46 42 53 77 63 50 55 62 34 58 48 32 25 68 40 54 45 31 33 74 66 60 71 37 2 69 35 15 30 16 64 18 73 67 28 75 8 72 11 29 52 1 38 4 21 13 24 26 36 56 49 57 12 
