49 43 32 25 36 51 1 42 28 47 34 69 19 44 40 37 72 17 78 33 62 4 76 31 58 26 61 20 75 8 46 11 41 24 66 14 57 52 16 60 39 79 21 68 35 67 13 54 6 65 15 74 30 56 22 55 12 48 3 77 23 59 2 9 64 5 45 38 50 10 71 70 27 53 73 18 0 7 29 63 
74 42 54 24 28 17 72 32 2 37 49 38 55 25 64 3 60 66 15 79 22 76 23 46 4 1 53 27 43 31 63 36 26 67 34 77 44 21 62 7 69 10 52 57 68 19 65 70 8 51 16 73 33 40 5 58 39 18 61 6 50 9 48 0 45 29 41 14 59 12 75 13 47 20 56 30 71 11 78 35 
22 27 11 19 20 14 8 24 16 74 41 40 56 53 42 62 28 75 77 43 72 60 15 52 58 79 13 55 78 45 18 54 33 65 37 59 21 23 39 50 47 73 64 6 67 2 46 30 70 35 71 7 12 57 66 10 76 26 49 32 44 48 4 17 3 0 63 1 38 68 9 31 25 69 36 61 34 5 51 29 
7 10 3 65 49 53 26 42 16 69 34 78 8 64 4 79 21 75 28 52 9 59 25 61 6 63 20 73 29 47 35 40 23 72 1 76 37 68 22 24 55 44 60 33 70 27 45 30 41 38 51 39 43 12 62 31 71 36 67 17 77 11 54 5 57 0 66 19 50 13 18 48 46 14 58 15 56 2 74 32 
4 20 23 24 26 31 36 22 28 16 18 10 21 11 2 62 54 41 77 46 59 76 68 42 64 43 45 60 44 56 12 71 32 75 39 55 25 67 33 8 35 69 51 0 38 1 78 14 63 15 72 50 61 74 66 37 65 30 53 27 79 6 52 9 58 34 40 19 47 7 73 29 57 13 17 49 48 70 5 3 
49 73 57 42 78 71 68 25 33 19 11 10 6 35 30 79 20 46 9 69 31 52 29 60 12 4 44 55 38 62 34 48 37 63 3 72 26 53 7 75 51 22 77 5 76 2 67 13 43 16 70 15 74 1 54 39 24 45 61 23 41 32 50 8 21 65 28 58 36 56 0 40 66 17 64 14 47 18 59 27 
73 70 77 54 10 37 34 79 0 64 13 65 8 47 32 53 1 67 26 42 38 61 12 66 19 52 15 59 30 68 2 55 18 60 16 48 11 74 39 76 50 35 49 4 78 6 41 27 72 21 56 20 51 36 44 5 71 33 43 14 63 9 46 29 28 40 7 75 24 45 23 62 3 57 58 17 31 25 69 22 
16 33 5 17 37 76 79 55 45 49 1 74 3 50 0 58 19 65 8 62 23 67 29 70 9 60 39 52 13 77 27 71 31 54 11 59 34 56 4 64 47 48 32 63 42 38 10 75 28 22 66 18 69 46 40 26 57 12 25 41 30 61 51 20 43 14 44 35 53 7 73 2 36 15 24 72 68 21 78 6 
14 13 12 11 15 76 44 54 62 51 25 41 9 55 38 61 5 66 26 49 2 58 36 43 31 74 32 65 33 53 19 52 4 57 18 64 7 73 0 63 68 34 47 22 59 27 60 28 42 3 69 21 46 1 67 16 70 17 75 29 56 10 50 30 40 8 79 37 77 39 45 24 78 6 72 35 71 20 48 23 
47 40 51 73 17 24 13 6 33 57 5 55 35 50 15 69 28 77 18 41 36 61 34 60 20 54 16 56 32 44 38 65 29 76 10 62 22 78 14 79 59 21 68 19 49 7 46 39 74 37 45 12 43 26 48 1 52 0 63 3 11 72 30 67 25 66 8 42 9 75 2 70 31 58 27 71 4 64 53 23 
64 53 78 59 54 44 24 18 11 27 40 38 16 49 31 50 32 42 37 65 0 48 33 70 9 45 12 69 30 55 20 63 10 43 13 46 28 58 7 73 67 2 74 17 75 23 76 8 72 39 68 1 52 36 66 34 61 22 60 3 51 26 25 79 77 41 57 21 15 5 71 56 6 47 35 19 62 29 4 14 
62 46 71 54 68 56 73 52 59 13 25 6 4 23 3 78 22 16 18 60 37 11 26 28 66 17 61 34 64 0 63 24 74 10 47 44 1 51 30 42 27 69 31 70 57 39 49 2 72 12 48 14 79 29 53 19 35 58 77 9 65 32 7 50 41 33 40 20 45 8 67 15 55 21 75 36 76 38 43 5 
9 24 0 52 47 44 20 68 3 65 37 45 34 54 22 72 19 50 8 58 1 73 10 76 14 55 32 41 36 59 27 56 33 63 30 67 12 78 25 70 64 23 57 31 75 4 71 7 77 16 69 15 40 18 79 26 61 21 60 29 49 11 48 6 42 5 66 39 74 2 43 28 62 17 53 13 46 51 35 38 
44 48 74 55 47 75 72 32 13 30 16 27 3 12 9 31 18 1 51 58 46 4 36 56 15 38 60 5 63 21 43 22 67 23 42 37 49 7 68 10 69 28 66 34 76 26 62 39 73 11 70 20 57 17 2 64 0 61 25 50 40 52 59 19 14 71 33 79 53 24 65 8 77 6 41 29 78 35 54 45 
8 79 14 32 13 76 37 28 5 60 9 0 71 65 44 42 20 17 53 54 29 2 49 73 26 68 58 30 47 31 10 40 7 41 77 72 4 51 38 66 52 1 61 36 57 18 6 69 45 33 43 39 70 19 55 23 63 25 48 12 62 35 59 22 67 21 50 24 56 11 78 16 46 3 64 34 74 15 27 75 
22 30 13 3 4 40 54 75 28 61 57 46 53 31 71 7 59 10 69 26 47 34 48 16 63 19 76 21 66 37 72 38 58 17 43 23 42 18 70 67 39 64 9 56 2 79 25 68 33 49 35 78 32 62 5 50 29 77 0 55 1 52 15 27 74 20 51 12 73 11 41 8 45 24 44 36 60 14 65 6 
52 78 47 46 63 73 62 28 37 32 13 38 43 33 25 2 4 71 26 48 1 55 20 40 31 60 23 59 39 77 34 70 6 44 7 75 12 64 65 0 67 21 58 35 45 5 61 66 57 18 54 11 56 17 53 3 19 79 27 76 9 69 10 49 30 16 72 24 74 29 42 15 68 36 51 8 50 14 41 22 
69 63 65 56 77 43 78 68 31 9 8 5 16 3 0 60 35 11 70 27 29 73 30 66 10 67 7 49 12 76 25 64 18 79 4 57 1 55 32 54 40 14 62 13 72 6 48 33 71 20 51 2 45 24 47 37 59 36 74 38 58 23 61 17 75 22 44 19 42 34 52 39 46 28 50 26 53 21 15 41 
71 70 49 61 3 11 18 1 41 24 67 30 37 42 32 63 14 69 7 52 29 75 0 59 31 58 38 51 6 44 34 15 39 66 2 62 25 50 4 40 74 28 43 17 55 76 79 9 46 72 23 64 22 12 21 56 10 13 45 26 60 48 36 68 20 65 47 27 54 8 53 16 77 19 78 5 73 57 33 35 
64 67 51 74 4 21 15 22 7 59 30 65 6 76 24 62 27 28 71 20 46 5 53 13 43 69 49 25 60 0 48 33 70 35 52 44 45 54 29 68 8 14 78 19 66 26 47 34 63 17 72 36 79 23 58 38 61 39 40 37 55 31 50 11 56 1 57 18 16 3 2 9 41 32 73 10 12 42 77 75 
61 41 57 40 52 50 69 66 51 45 71 68 49 6 26 16 11 10 1 36 37 0 35 17 21 14 38 22 55 72 23 63 9 58 34 59 3 74 27 78 18 79 75 20 67 28 48 15 47 13 53 33 77 24 54 4 56 8 46 31 64 29 62 7 42 2 70 19 30 73 25 44 39 43 32 76 5 60 12 65 
60 66 79 40 30 6 39 45 38 2 50 67 65 18 78 27 61 26 73 20 72 11 41 10 63 22 47 9 0 51 4 76 8 69 15 62 19 74 3 44 17 55 14 52 12 46 16 49 32 59 5 56 7 42 71 35 48 37 64 21 25 68 34 53 28 36 43 23 54 24 1 70 33 77 75 29 57 13 58 31 
12 9 19 11 33 39 55 68 75 54 71 78 18 74 22 46 38 77 32 50 25 41 26 72 20 53 30 56 6 52 23 64 15 63 7 69 34 57 29 51 45 3 65 17 44 27 62 0 76 8 47 2 61 1 66 4 70 35 40 28 79 13 67 36 42 31 49 16 58 24 60 21 73 10 43 14 59 37 48 5 
49 64 63 56 52 25 0 32 31 1 21 55 8 58 11 78 30 57 17 46 37 54 5 50 36 65 2 77 6 73 24 48 33 76 14 41 9 42 39 61 74 10 67 20 62 23 69 19 79 35 68 29 53 28 43 13 75 4 66 26 51 18 40 16 47 38 59 22 44 34 70 12 71 27 45 3 60 15 72 7 
52 71 3 23 64 27 36 10 54 61 19 75 39 7 28 60 79 17 55 42 26 76 16 48 9 49 34 40 4 74 29 50 20 51 5 45 2 56 33 43 72 14 77 12 73 25 66 11 69 35 46 8 62 13 47 6 68 30 53 31 67 0 44 15 41 38 78 24 59 22 63 1 65 18 57 37 58 21 70 32 
28 32 2 14 0 45 18 67 71 48 42 44 34 79 74 12 64 58 38 59 6 43 3 4 68 26 37 5 78 29 60 13 63 16 61 21 72 39 65 23 41 70 8 62 55 47 69 36 50 24 73 1 40 7 52 9 75 20 76 15 53 77 22 30 49 25 57 33 51 11 46 35 19 56 10 31 66 27 54 17 
26 39 19 25 6 13 29 78 42 62 57 49 34 70 79 69 40 63 20 51 0 67 28 64 31 76 18 56 27 44 4 77 32 55 22 54 5 41 14 53 65 15 73 1 75 12 48 10 43 47 30 3 50 11 21 46 38 66 24 71 17 74 37 61 36 45 9 8 68 58 33 35 2 7 23 52 59 72 60 16 
34 65 19 70 77 64 24 26 58 12 42 56 3 38 44 20 61 25 72 10 1 60 0 50 13 40 17 53 8 55 32 67 9 47 2 49 21 66 4 48 54 27 57 30 43 5 69 29 79 11 45 39 41 33 68 15 78 31 6 75 71 46 73 22 51 23 14 16 63 7 76 35 36 28 59 18 74 37 52 62 
37 21 24 36 2 19 5 3 18 13 39 12 16 30 53 72 48 45 58 75 43 50 69 51 65 54 78 47 56 57 10 70 4 46 25 73 15 11 71 0 33 52 9 62 38 76 26 41 32 68 17 60 8 63 23 67 22 59 42 28 61 7 44 20 64 1 79 31 77 34 74 27 55 14 40 29 66 35 49 6 
21 20 61 53 56 34 68 32 77 26 45 14 37 64 11 73 18 7 46 41 0 66 23 49 19 65 6 55 48 3 67 25 59 39 75 72 22 74 9 54 10 57 51 27 78 8 62 1 76 5 50 4 60 16 79 29 52 28 47 12 58 38 63 31 70 2 30 44 24 42 43 35 36 33 71 15 40 13 69 17 
64 76 60 43 49 71 8 7 12 19 72 16 6 74 11 65 21 27 50 9 56 77 1 40 30 63 32 62 42 24 4 14 20 41 39 33 0 51 5 75 3 73 25 66 18 53 13 70 29 28 45 34 46 61 23 52 2 38 67 31 58 22 68 17 79 35 59 36 55 78 48 54 15 44 10 69 57 26 47 37 
20 12 58 72 38 68 3 78 27 56 16 42 7 45 10 48 8 77 0 55 36 65 6 74 29 71 39 70 18 46 2 79 35 40 21 76 34 66 17 64 73 37 54 25 53 11 51 26 49 9 67 32 41 22 63 5 62 30 52 15 44 1 47 23 50 13 59 28 60 33 75 4 61 24 69 14 43 19 57 31 
62 47 79 71 42 15 39 53 32 30 34 19 23 0 2 26 74 14 52 12 36 57 58 21 40 33 64 29 61 43 24 75 38 78 4 66 16 51 17 46 72 10 41 1 59 37 63 31 65 18 44 22 50 6 76 11 56 49 45 48 68 13 55 20 28 67 9 77 27 7 54 8 70 69 5 60 35 3 73 25 
11 12 19 23 55 44 79 54 48 75 53 45 8 51 10 40 30 50 27 61 1 69 37 66 21 56 24 63 4 62 3 60 15 43 31 58 6 36 42 20 72 39 18 38 70 29 77 64 26 57 2 32 76 9 74 25 67 41 47 35 46 49 28 34 73 16 17 52 0 78 33 22 68 13 14 59 7 65 5 71 
19 0 37 20 16 71 59 79 63 78 15 44 32 54 33 69 28 64 39 56 8 53 6 48 30 51 29 42 26 62 13 72 1 75 14 73 12 52 35 41 47 23 68 2 46 34 45 9 76 18 60 27 11 74 36 70 24 55 10 43 38 40 5 65 25 50 3 49 22 61 17 58 21 66 31 67 4 57 77 7 
59 44 48 57 15 6 8 11 2 62 74 37 55 25 76 18 26 56 31 43 36 72 21 47 10 42 24 49 35 63 14 41 9 68 39 23 54 52 20 51 13 79 22 75 5 61 70 4 45 1 73 30 71 38 64 7 69 32 27 40 19 34 66 60 77 3 65 33 46 0 67 29 78 17 50 58 12 53 28 16 
18 38 31 12 24 10 0 3 11 13 6 30 45 61 69 53 54 50 70 67 79 51 47 48 77 28 65 5 57 15 75 35 55 21 41 7 73 9 64 76 40 37 49 20 74 34 78 22 72 23 33 62 32 52 2 60 59 4 58 1 44 43 19 66 26 36 8 68 16 63 14 27 71 56 29 39 42 17 46 25 
69 64 48 47 51 59 32 21 26 67 23 17 33 27 35 77 24 55 16 76 37 60 14 68 12 41 15 70 5 62 19 61 38 75 36 46 18 78 22 72 28 53 10 50 31 74 4 57 1 45 30 40 0 58 11 8 54 44 7 56 39 79 3 63 34 66 6 52 2 49 20 42 71 9 73 25 43 29 65 13 
39 36 23 3 1 30 19 37 12 66 42 63 74 33 40 71 67 41 70 73 65 58 24 48 10 68 5 4 51 21 47 35 53 16 57 54 28 46 31 34 60 14 78 29 15 77 64 20 50 11 49 13 52 17 76 32 61 26 72 2 59 8 45 25 62 22 43 9 44 18 79 7 69 27 56 6 75 0 55 38 
41 51 62 5 1 60 16 67 3 77 31 71 27 42 44 6 69 34 15 33 55 32 72 19 23 58 35 68 79 61 25 70 38 66 17 78 2 12 43 22 74 28 45 65 0 48 20 49 26 29 36 73 24 50 14 37 47 9 64 11 56 59 10 76 63 39 52 8 75 18 54 13 53 21 40 30 57 4 46 7 
4 19 34 30 56 46 61 60 54 75 1 52 25 76 21 51 10 72 13 69 31 57 9 65 33 78 6 40 14 70 23 79 20 74 7 67 18 36 49 26 68 50 39 66 8 2 53 59 5 73 38 62 0 42 11 17 45 32 58 27 41 16 47 3 44 22 64 28 63 29 43 35 71 77 37 55 24 15 48 12 
32 8 27 68 74 22 51 9 75 6 56 15 42 14 47 35 48 28 23 64 4 16 46 67 45 49 24 60 30 57 5 65 31 62 11 76 13 78 10 73 25 79 18 66 29 59 38 61 17 43 3 58 34 36 70 20 71 33 41 53 0 63 26 54 44 12 55 19 72 21 69 37 40 2 50 39 77 1 52 7 
62 73 52 68 59 41 61 4 14 36 16 9 21 1 34 70 39 71 11 79 19 77 24 75 22 78 35 51 29 65 26 55 30 48 33 64 10 74 18 44 42 37 49 2 57 46 13 47 17 72 0 63 6 69 7 56 8 76 3 58 15 43 5 60 20 54 28 50 25 66 32 27 40 38 53 31 67 23 45 12 
73 57 74 79 40 78 53 62 54 36 6 22 31 7 13 44 5 17 28 14 50 1 66 27 45 16 68 3 23 46 20 4 64 33 70 25 43 21 52 37 59 24 51 39 61 30 38 55 9 67 18 76 41 34 72 8 71 26 58 47 0 56 48 19 42 2 65 15 60 11 69 10 49 12 29 75 32 63 77 35 
24 30 26 9 18 61 46 63 51 48 66 72 20 50 2 44 33 65 32 70 38 58 28 54 31 42 39 49 23 41 35 56 1 74 17 14 57 3 29 43 22 53 45 16 55 13 62 0 11 37 75 76 47 15 52 34 59 8 71 4 73 10 78 25 79 27 36 40 12 21 60 7 68 69 5 67 64 19 77 6 
36 70 43 67 5 78 42 44 13 9 76 28 16 25 20 11 31 72 69 21 10 50 30 22 56 18 71 2 62 68 12 61 64 24 48 37 29 51 26 63 77 58 1 40 33 19 46 57 65 60 0 74 23 66 53 4 75 52 49 15 7 14 6 3 79 27 38 17 55 34 35 41 8 54 59 45 32 73 47 39 
79 49 62 68 76 40 73 21 2 4 43 35 16 9 27 10 66 12 54 0 17 65 22 42 58 29 74 18 46 33 25 60 39 53 47 24 48 75 31 37 77 38 36 44 26 70 30 50 7 69 6 57 28 72 11 67 15 52 3 61 8 41 19 63 32 59 20 71 14 64 5 51 13 78 23 55 34 45 56 1 
34 9 54 53 35 71 18 70 28 57 23 65 7 67 36 69 10 47 22 62 21 58 20 48 8 63 31 56 16 77 17 66 4 52 33 49 29 55 2 44 64 1 46 12 74 14 61 11 24 79 6 72 3 59 0 51 5 41 38 78 13 76 39 60 32 75 68 25 43 19 42 15 50 27 73 26 45 30 40 37 
61 65 45 48 50 51 8 25 20 15 27 23 12 18 41 3 9 74 22 71 58 29 63 31 57 0 49 14 76 30 11 32 66 78 4 67 2 47 1 60 77 5 54 28 53 10 40 16 46 7 56 34 62 35 42 38 55 6 44 17 75 36 68 19 70 13 39 64 59 21 73 69 33 52 79 24 72 37 43 26 
59 58 72 76 79 77 42 47 20 1 10 33 9 22 32 11 13 23 45 31 70 35 25 41 38 27 48 15 65 28 66 30 19 74 36 67 29 46 75 0 53 8 78 6 69 17 60 2 63 39 54 4 68 34 56 21 44 26 71 12 50 62 16 61 3 49 18 57 5 51 14 37 64 55 24 7 73 43 40 52 
