29 16 8 4 23 38 13 26 11 7 31 9 39 52 57 67 44 47 54 43 64 83 89 45 56 81 72 55 77 60 46 40 76 58 69 68 87 71 70 5 74 36 27 25 2 15 6 0 37 65 59 85 75 73 80 48 66 14 88 19 34 62 84 10 50 18 63 32 51 30 86 28 42 33 53 12 61 17 79 3 82 24 20 49 22 78 35 1 41 21 
60 78 52 50 85 57 53 84 86 63 89 70 17 4 27 26 29 16 22 37 11 38 19 14 81 0 40 31 79 21 71 82 3 30 83 67 49 69 59 47 35 88 5 56 34 87 2 73 36 48 39 65 10 41 25 58 75 61 33 66 28 43 23 46 64 51 9 72 54 77 32 44 13 55 8 42 15 45 12 68 6 80 24 62 1 76 20 74 18 7 
56 42 84 89 65 88 85 54 50 47 58 36 81 24 10 30 6 12 34 19 25 31 37 8 3 67 7 2 23 38 33 4 77 66 43 70 59 64 20 61 57 69 76 48 63 51 68 40 32 55 28 87 29 72 26 79 21 41 16 82 18 75 17 73 13 11 45 52 46 62 53 27 60 15 71 5 83 9 86 1 80 22 49 74 0 78 35 39 44 14 
36 41 67 69 62 58 7 66 24 79 35 50 83 27 70 39 3 16 48 1 0 88 18 86 8 77 34 64 15 72 26 87 10 22 80 82 19 44 31 56 71 12 57 55 65 81 74 42 40 46 53 45 59 54 38 68 2 63 28 4 61 11 76 6 43 33 89 17 73 5 47 25 85 23 14 60 29 78 84 9 75 32 49 20 21 37 52 13 51 30 
50 49 85 51 76 64 71 74 63 41 44 43 77 58 86 55 54 87 52 39 15 17 7 11 2 18 20 28 29 9 16 13 22 35 0 5 26 23 21 80 88 4 75 3 65 31 6 37 59 14 83 42 66 56 69 73 53 81 82 57 60 62 25 30 24 70 67 38 47 8 46 19 79 32 61 1 48 27 12 40 36 68 34 72 10 45 33 78 89 84 
11 17 12 23 3 32 0 31 21 13 38 20 37 14 22 2 16 35 63 45 43 74 54 68 42 64 1 83 67 57 76 78 55 49 75 44 73 82 69 40 86 26 84 62 59 87 81 79 28 41 61 65 60 46 34 50 33 72 53 70 5 77 6 52 56 7 71 29 58 30 48 19 47 15 85 9 89 10 27 8 66 39 25 80 24 36 18 4 88 51 
29 28 37 15 7 46 26 1 12 27 31 6 70 85 60 74 82 42 68 62 41 45 53 83 77 44 80 51 11 47 63 55 65 8 86 67 84 75 89 79 25 17 30 50 39 49 35 71 13 43 34 3 78 5 72 81 61 54 87 36 56 14 73 23 9 32 57 18 20 69 2 59 19 66 38 0 24 52 4 58 22 16 21 64 48 33 76 40 10 88 
85 89 48 82 81 86 53 69 54 71 32 18 13 36 28 17 21 3 1 2 11 33 8 60 15 78 22 61 34 46 29 14 56 9 45 51 75 68 52 73 88 65 64 43 66 37 44 39 77 87 49 31 62 35 58 4 84 6 74 7 79 16 38 47 70 26 57 27 55 5 63 25 80 0 50 19 83 20 41 30 42 23 59 12 76 67 24 72 10 40 
9 25 14 34 3 29 2 57 85 50 72 86 80 51 70 43 81 88 31 46 62 84 54 60 21 66 44 73 15 63 36 42 38 83 55 19 76 32 6 61 22 68 1 53 37 65 23 45 24 82 16 40 28 69 27 71 11 64 33 18 52 30 67 12 87 4 59 5 78 39 89 20 79 58 49 10 7 75 13 41 8 77 17 48 26 56 0 47 74 35 
0 22 58 49 84 51 67 85 57 74 80 9 39 14 42 31 3 88 37 76 21 53 50 87 54 61 82 72 77 60 20 55 38 43 34 83 28 68 7 59 1 46 73 2 40 16 75 10 71 17 18 33 4 25 52 19 63 70 62 86 44 47 79 24 78 30 65 27 8 41 12 48 6 89 64 15 13 5 32 36 45 26 81 29 56 23 69 35 66 11 
59 83 12 36 17 84 33 44 25 57 2 43 26 54 88 68 63 53 86 61 71 5 51 0 55 9 80 8 73 4 46 13 67 50 3 79 20 65 74 81 77 18 85 34 32 82 21 62 28 89 37 58 30 75 1 66 22 52 24 47 10 78 15 87 29 56 38 76 31 49 69 72 41 48 6 45 39 19 11 35 60 27 42 14 23 64 70 16 7 40 
82 60 43 76 46 67 63 68 66 87 58 73 86 41 53 21 16 19 38 22 13 4 2 24 39 28 0 15 11 33 25 83 9 59 18 85 8 54 36 48 49 69 50 80 81 77 52 56 70 57 72 30 45 6 62 23 89 10 88 12 42 35 55 5 61 7 40 20 65 34 79 32 44 3 74 26 71 14 29 75 51 1 78 37 84 27 47 31 64 17 
83 79 82 70 55 58 80 87 23 38 30 25 17 3 11 7 78 31 37 5 32 2 34 8 15 12 49 43 59 77 72 65 22 45 50 74 53 85 20 81 6 62 42 41 61 54 60 57 89 67 88 29 75 26 51 39 68 27 47 36 56 10 84 4 71 14 86 28 76 13 64 0 46 21 48 35 66 44 19 73 9 33 1 52 18 40 16 63 69 24 
49 81 63 78 65 87 27 16 1 56 84 37 22 36 85 33 18 17 86 26 45 24 62 23 53 89 2 12 15 88 14 25 31 77 35 52 74 75 30 61 71 79 55 46 69 64 54 60 48 76 40 20 51 39 58 10 82 4 43 38 57 7 80 8 73 34 67 0 41 28 50 5 68 3 72 6 44 19 59 29 47 13 66 11 42 21 70 32 83 9 
22 15 5 30 34 1 2 26 31 14 10 52 58 82 41 55 75 70 78 80 84 87 57 67 74 63 85 28 89 88 33 66 53 48 72 64 45 24 49 61 86 21 47 27 81 68 12 43 36 62 18 46 35 65 11 73 17 71 4 23 77 7 50 37 60 32 56 20 29 69 79 54 39 6 3 42 38 51 25 76 0 59 16 9 40 13 83 19 44 8 
54 69 48 84 56 70 60 89 72 40 45 74 79 86 29 6 15 5 34 13 20 87 32 12 23 28 21 25 14 17 3 33 9 42 10 62 22 51 26 75 65 71 53 67 57 58 52 73 85 66 55 31 41 38 64 16 83 2 63 11 50 24 78 1 46 0 43 37 76 36 82 19 30 44 49 47 68 35 61 27 80 18 7 4 77 39 88 8 81 59 
89 50 67 83 59 74 52 65 80 61 31 29 0 27 9 11 1 53 4 70 26 57 5 60 25 64 14 44 38 49 35 51 15 78 34 85 12 75 10 48 84 45 62 8 77 55 33 30 72 39 47 32 23 86 19 63 6 88 56 87 76 58 71 3 82 7 81 18 46 2 21 68 16 40 66 36 28 13 42 20 73 43 54 17 41 37 69 22 79 24 
11 58 77 56 61 78 47 44 53 81 62 34 2 4 32 27 35 24 19 21 3 46 38 83 7 49 66 72 26 43 6 59 29 40 28 68 1 76 79 17 54 9 80 14 67 8 75 15 86 12 60 36 89 16 74 37 88 31 63 18 57 20 51 45 84 65 87 55 85 41 52 71 23 70 10 50 30 42 5 73 22 48 39 13 64 0 69 33 82 25 
47 74 78 69 42 88 64 84 81 35 16 8 27 11 45 10 2 68 18 34 20 22 17 63 3 46 37 55 89 4 75 36 51 57 66 70 39 43 30 82 67 52 40 65 56 49 85 61 54 73 53 33 86 23 50 28 62 26 44 12 59 31 87 9 79 1 58 13 60 14 19 77 6 15 80 29 0 5 83 24 72 7 41 76 38 48 32 21 71 25 
58 65 76 77 70 68 79 43 42 51 25 26 35 37 7 5 10 21 80 3 87 62 39 14 19 56 28 13 49 33 36 67 12 6 54 46 32 30 66 72 50 22 63 86 45 60 52 73 78 41 84 59 74 53 48 89 4 85 57 82 64 75 15 24 1 40 0 27 20 23 44 81 31 38 83 8 55 2 69 34 11 18 9 88 61 17 47 71 29 16 
40 83 61 43 62 52 51 48 15 34 4 3 24 1 20 86 31 12 16 44 78 7 38 88 19 28 35 59 6 84 23 49 21 50 18 68 9 65 14 69 58 57 72 45 80 87 75 85 64 79 53 2 81 36 70 11 46 10 74 37 77 56 29 67 89 22 66 8 54 42 41 82 47 26 73 63 17 5 76 27 55 30 71 13 60 0 39 32 25 33 
72 86 56 67 74 62 46 50 73 49 42 4 35 32 34 20 18 6 37 75 53 21 5 19 31 8 24 77 12 64 23 69 33 80 28 84 14 52 17 44 60 2 15 79 85 16 30 47 57 61 55 66 40 45 1 25 10 87 13 27 63 65 71 81 41 83 82 43 7 38 51 39 68 76 89 11 58 26 54 36 3 88 0 78 9 70 29 59 22 48 
64 54 49 81 88 53 46 42 78 44 40 45 8 35 24 34 1 47 4 13 30 16 7 28 27 67 61 37 36 68 32 70 84 3 85 60 74 52 0 73 87 12 75 2 83 25 76 56 17 43 48 19 79 15 82 39 55 20 80 14 72 29 59 9 65 5 41 11 57 33 77 21 38 6 89 63 86 31 22 71 62 26 69 18 66 10 50 51 58 23 
47 50 59 81 35 37 2 28 41 45 51 73 85 56 67 48 54 86 16 43 4 88 5 62 19 66 13 55 34 76 1 64 33 77 30 69 82 6 9 31 61 15 63 65 25 78 70 36 68 18 24 87 20 60 32 57 23 52 21 22 44 8 58 89 83 72 74 84 79 71 17 75 39 42 26 46 10 80 38 27 0 40 29 49 11 12 7 53 3 14 
83 52 56 89 71 77 86 72 74 34 31 18 13 21 8 25 10 27 12 80 39 51 7 78 33 68 29 30 53 11 55 43 2 49 28 4 61 16 47 0 75 73 81 79 88 9 67 14 45 37 69 70 6 84 76 64 20 42 41 82 59 44 5 62 26 85 1 66 24 40 36 63 3 60 22 87 19 58 15 65 17 46 54 23 50 35 57 38 48 32 
54 57 46 66 67 84 27 23 4 28 17 10 8 88 36 81 6 44 33 68 12 64 11 83 13 63 1 15 52 53 55 16 47 30 75 14 78 45 9 77 34 62 29 21 79 26 71 2 39 76 24 7 69 74 18 80 31 49 0 40 35 43 25 85 5 3 61 38 60 56 42 73 59 58 87 89 48 51 50 86 22 72 65 37 41 32 82 20 70 19 
27 8 6 0 33 5 36 12 74 41 87 51 86 42 77 48 58 71 69 89 64 85 47 81 44 40 52 60 4 13 35 56 11 39 82 73 23 88 3 65 15 80 14 16 76 26 75 37 46 20 53 38 84 55 49 17 59 78 50 83 57 7 34 63 19 45 28 18 66 2 62 32 67 30 54 21 72 29 43 25 70 22 9 24 79 68 1 10 61 31 
65 47 40 74 57 76 80 56 63 64 45 19 1 7 8 35 41 29 20 33 69 5 21 4 39 27 6 26 22 58 3 49 37 87 16 67 36 78 34 83 60 62 42 79 82 84 54 46 75 85 61 28 66 17 55 32 43 14 89 48 53 30 51 68 88 38 81 71 24 9 15 44 50 18 13 2 77 11 73 31 12 52 10 59 0 25 86 72 23 70 
30 81 67 68 42 48 83 50 66 74 61 44 82 2 14 5 15 32 4 33 35 77 24 18 1 17 72 19 55 0 73 29 65 31 45 6 46 71 20 21 85 22 76 53 88 60 9 62 13 38 64 12 56 7 80 84 89 54 57 79 75 47 40 52 78 26 41 23 28 51 39 8 86 25 70 43 37 59 11 58 16 34 49 10 63 3 69 87 36 27 
34 42 56 51 45 80 82 52 78 54 88 40 43 60 3 29 8 14 11 31 26 64 24 25 74 36 77 20 63 22 83 18 37 9 73 4 44 61 70 1 79 12 49 66 39 57 41 89 72 59 67 81 65 10 62 7 76 35 86 5 50 33 71 6 55 38 69 2 16 85 32 47 15 58 27 48 19 28 53 13 87 0 75 23 30 68 46 84 17 21 
58 87 46 84 45 79 47 66 82 73 11 37 14 26 15 18 7 13 39 36 12 27 34 52 24 41 71 43 54 16 85 22 5 49 25 74 32 56 44 23 69 4 68 8 42 28 55 35 50 33 72 17 67 1 83 9 64 2 6 40 70 76 89 48 88 59 81 77 57 63 86 20 78 29 53 0 80 31 51 38 60 3 65 10 75 19 62 21 30 61 
78 89 50 44 62 53 61 66 49 71 54 43 38 12 25 32 15 16 10 19 27 2 13 33 6 56 17 48 35 55 18 67 3 42 4 82 7 75 0 88 14 65 31 60 5 87 20 76 41 77 83 72 58 85 73 46 70 24 11 47 45 22 80 39 69 26 84 21 40 81 68 30 79 9 74 37 63 29 57 1 51 64 34 36 28 59 8 86 52 23 
60 40 86 45 55 41 80 58 69 84 48 17 4 37 19 56 29 30 2 25 81 11 20 72 5 21 33 22 83 3 39 75 27 74 26 63 0 89 82 46 47 85 43 52 61 68 51 70 67 66 24 64 28 87 1 57 18 78 12 88 15 32 62 7 49 73 8 77 10 71 35 76 9 79 36 59 38 44 54 13 23 65 14 6 42 34 50 31 53 16 
86 52 68 72 74 56 88 60 49 33 21 76 10 16 28 1 19 2 47 17 34 45 13 40 7 70 30 25 77 38 59 42 53 48 80 43 82 67 11 79 35 83 12 84 24 61 50 44 57 64 78 8 65 0 81 23 87 20 85 3 54 4 41 22 58 5 6 9 89 14 39 51 27 62 29 46 31 71 75 73 15 66 18 63 26 55 37 32 69 36 
19 26 34 31 84 39 46 60 53 69 27 50 23 62 32 73 12 70 33 74 1 81 11 67 2 57 36 52 28 72 16 83 14 59 13 42 30 45 10 44 64 56 88 87 75 54 78 41 89 18 55 22 79 9 65 77 25 8 76 48 38 17 15 85 80 82 58 40 43 61 47 68 7 37 6 63 86 35 5 21 49 51 0 71 3 29 66 24 4 20 
53 57 42 78 24 19 3 18 86 22 66 10 43 9 80 23 58 88 5 41 20 82 4 79 1 35 56 8 72 0 34 32 52 51 2 65 13 44 25 68 87 69 45 50 85 84 49 54 62 40 33 76 28 46 47 77 60 73 59 26 70 6 31 83 17 75 12 29 48 7 61 27 71 36 74 38 64 21 30 67 16 89 15 81 37 63 39 55 11 14 
78 55 47 83 56 60 53 86 68 82 72 46 87 29 13 26 12 23 14 30 16 19 37 36 17 21 5 7 63 24 4 73 48 84 28 41 61 66 25 59 44 9 81 34 89 2 71 8 77 11 79 39 49 22 43 31 85 27 88 1 57 20 54 32 64 67 69 70 51 74 50 6 76 35 80 18 58 10 62 3 75 42 40 0 52 38 15 33 65 45 
26 43 84 69 71 52 46 61 79 67 16 3 35 15 30 83 6 12 29 10 31 11 27 73 21 64 5 42 28 89 17 87 7 78 22 70 32 85 23 77 50 82 57 56 53 49 80 55 68 62 54 20 40 2 47 34 66 8 41 1 86 25 44 36 72 18 24 63 76 45 81 33 38 60 13 14 4 37 51 0 59 19 58 88 75 65 74 9 48 39 
41 43 56 48 83 15 16 9 27 7 86 34 73 19 88 32 44 29 75 0 52 25 42 30 77 38 79 2 58 36 61 35 55 21 64 31 47 22 84 69 50 57 4 68 20 87 23 72 11 46 14 65 3 81 8 40 37 76 33 78 49 66 89 85 71 53 54 70 51 5 59 6 10 74 24 67 18 45 1 17 80 39 60 12 82 13 62 26 63 28 
73 89 51 80 67 86 55 42 64 82 0 11 5 34 35 2 22 31 14 4 32 63 26 28 9 58 38 60 30 45 15 77 66 85 1 69 75 16 43 17 59 33 61 20 87 36 74 6 53 39 84 13 54 18 62 19 68 10 49 65 27 40 71 56 46 76 70 41 81 7 48 25 78 21 57 29 52 83 23 37 72 24 50 12 44 3 88 79 8 47 
53 55 77 73 57 72 78 40 51 59 33 1 10 23 31 13 28 76 20 44 27 9 14 89 12 41 61 46 5 70 64 71 34 81 58 56 32 63 50 87 26 38 6 8 62 88 36 43 29 42 39 65 7 30 79 11 2 22 74 21 84 68 85 82 67 15 19 17 54 60 48 52 3 18 66 35 47 0 45 25 80 83 24 86 37 69 49 16 75 4 
51 73 52 81 40 79 5 2 1 19 48 11 27 28 12 86 34 84 4 64 13 70 6 47 22 72 36 55 16 83 33 89 0 88 14 78 18 50 29 62 45 71 43 49 68 63 67 85 60 42 74 25 41 17 53 35 61 32 65 30 82 10 56 31 69 20 80 39 54 8 46 9 66 15 75 3 59 38 77 26 87 21 44 37 58 24 57 23 76 7 
61 73 64 51 87 72 59 54 9 18 23 4 25 27 47 67 65 56 21 15 2 78 1 88 12 42 3 38 22 60 16 5 32 36 33 30 19 50 35 46 45 57 43 62 58 63 41 49 44 52 74 37 81 79 26 40 20 48 13 82 68 77 24 84 14 0 80 71 11 89 7 85 6 17 69 53 55 39 28 29 86 31 70 66 10 75 34 76 8 83 
21 8 19 83 45 65 28 58 35 84 36 66 14 79 51 25 15 33 18 32 49 68 73 47 11 75 2 40 9 80 30 44 12 89 16 85 10 50 5 86 62 69 76 54 43 82 77 41 87 56 60 20 55 27 59 4 70 38 61 1 42 31 57 23 48 34 72 22 53 29 52 37 74 3 64 17 81 13 46 39 63 7 88 6 24 0 78 67 26 71 
36 15 19 2 79 83 81 46 5 51 44 0 43 25 84 8 52 23 57 20 69 48 59 75 68 40 24 78 14 66 39 10 17 89 26 87 6 63 22 58 88 65 55 70 49 86 53 62 76 72 61 7 54 12 80 38 82 31 77 4 45 34 41 28 85 35 73 16 50 18 47 1 71 29 64 13 42 9 56 33 11 74 37 67 30 3 32 27 60 21 
19 10 24 8 28 11 33 31 35 26 23 22 88 78 63 67 46 83 61 53 52 77 81 89 56 0 75 64 62 47 76 55 68 50 69 86 71 45 54 57 25 1 13 14 12 70 72 74 34 65 5 51 66 41 42 87 48 80 84 49 4 44 43 60 32 36 85 21 39 7 9 6 2 30 82 15 29 38 79 17 59 58 20 27 37 16 40 3 18 73 
70 41 75 73 72 47 37 7 25 27 21 81 4 76 2 5 35 38 28 24 88 3 89 33 86 11 43 22 63 10 69 8 45 1 48 51 32 46 20 55 56 50 80 67 59 58 68 34 40 65 44 78 62 49 61 82 30 0 12 53 29 71 15 87 23 60 36 52 6 54 31 85 74 57 77 66 42 79 17 84 39 64 14 13 18 26 16 19 83 9 
35 9 20 23 37 12 8 33 26 38 59 47 73 49 82 71 54 78 81 53 50 72 5 48 15 24 42 22 79 29 89 32 84 28 41 4 65 30 57 17 68 31 70 36 69 39 3 85 10 76 16 45 88 21 86 2 61 40 74 75 51 83 25 60 66 77 13 7 43 64 55 62 34 63 56 27 87 11 44 18 67 14 46 0 80 6 52 1 58 19 
23 81 60 78 75 61 43 82 62 40 66 22 9 34 27 10 37 31 20 33 83 2 58 5 24 68 12 87 36 67 21 44 42 49 45 56 72 77 3 25 88 4 7 85 13 69 15 29 70 64 39 18 57 50 63 35 0 26 6 38 89 8 73 16 84 86 55 47 59 76 80 46 51 74 53 71 14 52 28 41 1 54 32 19 48 11 65 30 79 17 
40 46 70 77 51 75 78 17 57 20 10 52 69 53 71 47 65 15 79 35 76 0 42 22 37 68 13 84 24 39 11 63 21 29 85 14 89 1 59 26 4 83 87 86 81 66 54 9 12 82 30 36 44 16 3 48 8 45 18 61 34 60 33 73 32 62 6 23 28 5 72 7 58 25 67 50 38 74 19 64 31 80 2 43 41 88 49 55 56 27 
