65 72 76 63 56 67 53 95 75 3 11 25 14 16 71 49 38 1 28 47 96 10 18 97 15 98 0 62 23 54 33 66 21 73 12 41 2 42 17 85 44 46 74 92 52 69 22 37 36 45 4 80 31 84 13 89 82 61 58 59 77 99 83 88 68 60 86 64 90 70 40 20 94 27 19 51 26 57 9 78 8 87 34 93 32 35 43 7 5 48 39 81 55 6 50 30 91 24 79 29 
79 59 62 47 75 41 50 67 53 42 52 86 45 83 19 37 2 24 38 20 21 0 35 97 5 13 25 18 36 10 91 76 7 29 17 99 16 93 15 98 89 46 96 92 78 68 69 72 71 58 84 60 61 85 90 81 63 74 66 94 65 34 88 30 49 9 80 39 55 1 70 87 82 28 54 14 44 43 40 77 56 8 57 26 48 23 73 64 27 32 4 95 12 22 6 11 31 51 3 33 
90 54 70 48 83 80 93 78 61 34 24 0 29 85 52 15 2 46 27 18 89 1 98 28 69 25 53 11 22 75 3 92 35 66 81 44 74 4 41 58 47 97 59 88 40 82 94 86 99 91 39 87 12 14 49 19 42 60 30 63 84 26 45 36 72 10 62 20 76 9 50 6 79 31 73 16 43 33 57 5 95 37 71 21 67 8 55 13 56 23 68 32 77 64 51 17 96 7 65 38 
97 87 89 58 49 5 4 38 33 29 56 72 18 52 22 63 3 14 24 25 30 32 68 8 92 35 98 34 65 28 21 77 51 91 2 71 7 45 15 70 46 43 74 66 96 78 79 54 93 82 80 48 50 88 75 55 62 40 86 95 53 84 44 42 90 9 6 36 41 85 73 64 12 81 39 57 10 20 99 26 76 31 67 37 16 11 94 1 69 0 60 27 61 13 59 17 47 83 23 19 
89 95 40 45 57 47 84 61 26 27 38 5 11 8 18 80 2 21 22 97 29 30 37 77 34 43 51 42 67 70 68 86 50 87 90 83 73 1 56 17 93 44 92 6 41 72 0 91 13 60 25 53 28 55 19 96 32 12 94 78 49 74 88 79 69 31 99 14 62 23 63 24 81 39 64 20 75 36 82 85 65 3 52 33 66 15 58 7 48 59 16 71 46 35 98 4 9 54 76 10 
40 46 77 61 54 63 58 62 57 68 56 75 52 42 74 76 24 26 34 22 4 23 33 11 30 37 16 5 25 35 14 93 27 1 47 32 3 45 0 29 12 50 19 6 88 36 41 87 66 91 53 86 72 28 73 10 67 49 69 95 8 90 60 80 82 51 92 78 70 99 55 71 9 94 65 81 85 79 48 21 18 98 15 20 97 38 96 17 83 84 89 2 13 43 39 44 31 59 64 7 
58 87 88 64 77 60 92 67 40 28 9 18 21 35 29 7 20 11 82 39 46 22 26 13 31 99 15 6 65 55 68 69 91 89 61 45 52 50 78 84 96 80 24 10 16 90 70 5 8 94 51 56 57 73 48 54 86 85 95 79 59 4 44 19 98 27 49 38 81 3 97 23 47 2 74 30 93 17 53 1 42 12 63 32 76 71 36 75 25 72 37 41 33 62 83 14 66 0 43 34 
69 65 74 63 91 49 72 78 66 93 40 99 10 3 26 27 5 28 11 12 86 15 36 53 21 44 22 19 30 48 33 90 14 23 1 84 9 85 4 52 51 61 41 56 83 58 71 46 87 62 81 50 80 47 79 54 42 76 68 67 82 6 88 38 70 0 94 29 55 32 60 7 43 18 92 37 45 31 77 35 96 8 89 16 59 25 95 13 64 24 97 34 73 20 75 17 57 2 98 39 
55 50 49 95 86 75 96 44 79 74 88 76 2 29 32 35 59 66 18 27 9 11 17 19 4 42 13 80 14 51 39 57 16 0 22 36 34 41 38 72 71 62 15 69 3 97 5 45 77 92 70 82 78 63 98 64 87 89 48 91 85 73 53 52 56 65 24 93 28 61 21 60 43 37 68 8 81 20 46 6 47 30 40 83 12 94 31 58 7 54 26 84 33 99 1 67 23 90 25 10 
68 93 53 86 61 48 49 52 24 35 14 66 15 32 11 6 92 37 51 12 76 47 38 90 13 88 2 98 31 58 17 27 71 19 60 26 42 62 22 78 1 9 74 4 99 21 80 8 44 43 7 97 28 83 16 94 5 54 34 41 20 72 29 65 18 69 10 55 33 64 30 36 82 3 89 0 57 73 87 81 45 84 67 59 70 96 91 40 75 79 56 77 95 85 50 39 46 23 25 63 
46 83 52 90 78 80 21 15 18 74 11 3 23 32 28 41 22 98 19 96 8 81 20 82 25 58 35 77 38 70 17 48 94 95 42 57 56 40 9 54 24 47 14 87 26 73 5 66 1 50 2 91 12 86 30 27 72 39 51 37 68 31 45 43 85 44 61 71 53 60 93 89 62 49 63 99 69 76 55 4 84 34 65 33 88 29 92 16 59 36 79 13 64 7 97 6 67 10 75 0 
24 38 31 25 29 34 58 78 81 82 56 89 0 26 11 46 93 6 91 9 61 20 94 77 17 60 19 43 36 47 23 44 27 59 72 67 55 52 64 85 48 51 83 42 3 95 86 70 92 87 50 22 75 40 54 63 84 97 65 62 21 76 33 14 41 8 74 28 68 32 57 5 98 2 45 7 96 18 66 37 49 15 53 79 4 12 90 39 69 1 80 30 71 10 99 16 88 35 73 13 
35 5 8 0 7 1 23 3 38 36 66 82 65 97 81 86 94 51 93 98 54 90 87 47 60 79 89 85 53 49 61 76 83 95 62 77 18 50 15 99 44 71 27 45 10 25 75 31 46 11 13 58 24 52 91 42 73 41 78 40 68 26 70 30 56 9 55 34 63 17 80 33 72 20 84 22 48 37 43 29 67 28 64 6 96 74 12 4 19 57 14 59 32 2 92 69 21 88 39 16 
58 80 44 67 41 81 82 66 46 57 71 77 51 4 10 68 26 14 8 13 30 1 70 29 52 93 22 31 36 7 61 6 9 35 98 17 90 54 27 62 94 72 48 47 74 39 37 53 38 89 15 84 42 49 83 85 88 63 78 99 86 32 64 24 43 34 60 11 96 0 59 2 92 20 95 12 76 21 40 5 56 18 79 65 28 97 91 69 25 23 55 75 45 3 73 33 19 87 16 50 
75 83 96 70 51 47 89 92 39 18 32 14 16 5 62 3 34 61 1 22 55 12 73 69 28 87 60 64 42 9 58 54 84 24 30 46 93 77 76 56 98 71 65 57 80 45 50 27 10 94 13 90 43 85 95 40 41 79 67 49 68 20 86 15 82 17 44 8 53 33 99 29 63 11 88 6 66 31 91 21 26 38 74 2 0 78 7 36 59 23 52 97 35 37 4 72 19 81 48 25 
23 9 21 42 35 90 74 75 38 88 5 48 14 93 8 62 79 87 30 31 83 63 3 46 16 49 44 28 33 67 52 78 54 45 96 61 56 97 59 99 77 65 95 72 19 55 82 6 73 13 92 1 60 25 91 39 70 20 85 17 43 29 53 27 68 34 69 11 80 22 81 66 51 86 76 98 64 24 58 7 57 2 47 40 84 32 41 4 18 94 12 15 0 37 71 26 89 36 50 10 
40 82 54 75 50 59 76 92 60 87 58 45 90 47 64 80 77 9 38 5 39 25 34 20 3 48 15 10 31 14 22 24 17 37 35 55 63 44 36 53 1 96 13 81 84 83 79 32 99 86 6 43 62 61 69 70 66 46 68 42 97 71 74 51 94 52 65 67 49 85 57 18 30 12 56 28 23 33 19 8 88 93 89 0 21 78 29 72 11 26 95 2 41 16 98 4 91 27 73 7 
27 10 26 7 34 4 1 96 88 83 97 65 45 86 55 93 41 23 42 47 63 39 48 91 94 89 78 85 46 81 56 72 40 53 75 44 24 68 8 9 13 2 18 32 38 35 33 29 73 57 76 60 15 67 82 59 92 61 50 71 80 19 52 11 79 84 90 70 69 98 54 99 58 21 14 51 6 66 36 3 25 49 28 95 22 62 30 87 31 37 77 0 74 16 64 17 12 43 20 5 
90 66 84 49 45 42 67 75 93 52 54 58 61 97 44 98 76 70 65 96 40 11 28 46 14 33 12 16 29 26 10 4 35 37 59 31 73 85 38 6 99 23 50 69 21 95 94 72 47 92 74 86 87 62 30 71 25 56 2 88 18 83 3 55 1 68 34 79 39 63 32 77 13 81 78 24 57 48 82 17 51 36 60 9 64 20 15 41 7 53 8 43 19 89 27 80 5 22 91 0 
47 64 89 55 74 54 79 88 51 72 76 92 0 39 13 21 98 12 17 3 93 1 56 38 10 25 97 24 33 5 22 58 7 86 29 77 40 46 44 67 35 34 49 85 41 78 60 14 82 52 84 95 69 81 57 61 59 45 94 75 50 43 66 68 96 18 71 32 99 30 53 4 73 15 42 2 28 87 19 6 26 37 80 20 48 8 90 23 62 16 65 9 83 27 70 11 63 36 91 31 
68 48 86 75 62 74 91 61 51 95 63 78 21 17 6 12 87 36 39 35 24 4 33 1 29 27 92 2 13 7 42 26 77 0 54 25 47 32 71 57 59 99 81 49 66 70 90 93 80 72 43 89 53 73 98 56 84 94 96 18 69 23 50 30 45 20 65 31 55 8 82 11 85 37 88 5 79 97 38 76 14 58 22 46 9 41 19 60 83 28 40 34 44 15 64 3 52 10 67 16 
73 99 43 75 71 82 70 81 48 69 51 44 8 0 4 77 9 38 20 3 32 16 95 11 27 24 91 41 28 87 94 18 33 35 56 13 68 39 80 14 22 15 42 19 78 30 86 37 60 26 97 12 92 65 21 36 55 31 85 45 62 57 84 88 52 79 61 76 58 72 59 90 96 23 74 54 50 49 53 47 34 40 83 6 67 5 63 25 93 17 98 29 46 7 66 1 89 2 64 10 
40 83 44 75 52 73 48 69 77 42 41 82 65 31 7 19 3 23 62 33 1 50 46 5 84 15 8 79 21 67 4 14 27 30 18 13 6 53 26 76 78 98 61 93 55 71 60 51 63 85 95 66 99 88 59 86 54 70 94 56 64 36 72 29 74 39 87 0 81 12 57 35 47 28 90 9 32 37 2 25 80 24 49 38 43 89 45 10 68 11 97 20 92 16 58 34 91 22 17 96 
57 62 60 95 50 64 87 86 55 59 58 71 45 37 2 16 94 6 5 29 38 33 23 34 35 84 14 76 25 31 32 20 90 0 54 8 99 17 46 75 66 28 56 79 49 83 61 53 44 82 41 52 81 73 77 92 47 70 27 89 1 68 9 74 11 40 3 63 13 80 22 78 26 93 85 97 10 88 12 69 19 51 42 43 21 96 18 67 24 98 30 39 72 36 91 7 65 15 48 4 
76 96 80 75 46 78 66 43 69 62 60 74 64 40 41 91 95 12 11 32 35 25 13 18 39 6 56 77 36 2 14 26 87 28 9 73 48 16 5 42 1 27 83 86 31 50 81 85 92 93 65 63 58 84 98 59 90 82 88 94 52 15 57 3 51 0 53 19 45 24 68 20 89 29 47 7 99 21 79 37 61 33 55 4 54 17 49 8 44 38 70 10 97 22 67 34 71 23 30 72 
26 28 35 29 30 37 34 5 27 12 4 22 24 14 19 60 88 50 73 51 92 83 52 55 68 90 69 63 98 58 99 57 75 81 43 54 74 79 53 0 97 84 77 40 87 38 62 78 1 64 25 94 11 59 7 44 20 86 16 56 33 91 23 72 13 70 32 93 17 42 10 85 3 45 18 47 15 49 6 67 9 66 41 95 65 76 61 46 82 21 96 39 89 8 48 31 71 36 80 2 
90 43 57 93 61 79 44 80 63 73 54 67 76 94 59 68 70 62 47 95 50 87 64 98 96 31 30 0 35 13 4 42 9 25 5 32 6 12 36 24 14 1 56 20 22 74 21 45 23 33 48 3 99 72 11 19 18 29 88 16 26 66 28 85 38 17 15 97 53 86 69 91 92 51 65 58 40 82 81 71 83 55 46 49 75 52 89 60 78 8 84 34 77 27 41 37 7 10 39 2 
72 78 87 76 73 90 74 42 54 98 31 27 16 1 25 30 39 3 8 36 37 17 21 79 15 57 65 56 66 41 67 92 81 60 84 93 49 88 48 85 46 69 24 4 94 5 86 20 53 68 50 40 59 51 52 10 33 82 43 96 2 58 95 34 55 11 44 28 97 23 75 18 70 29 61 19 47 14 64 7 71 12 62 26 63 32 45 13 80 22 77 6 83 9 89 0 99 38 91 35 
60 81 73 97 55 86 58 42 0 10 39 44 25 34 14 12 37 83 1 80 29 61 3 91 31 93 24 98 33 57 13 65 7 71 22 59 16 50 20 84 78 63 49 87 51 69 48 90 92 72 96 82 95 85 99 46 40 64 77 68 8 67 17 66 27 79 36 88 21 56 19 41 9 45 18 76 23 75 38 94 6 52 43 26 62 35 54 28 70 5 89 32 47 4 53 74 11 15 30 2 
62 52 71 69 77 12 29 51 30 7 2 78 39 40 23 65 4 96 3 67 22 74 35 90 25 88 31 42 1 89 37 91 21 45 28 46 10 48 9 68 85 80 43 92 55 64 75 84 60 87 72 57 63 97 95 79 82 49 86 47 44 20 66 27 53 26 54 32 50 8 81 33 61 11 70 18 83 19 93 0 76 16 73 38 59 14 58 17 98 24 41 15 56 5 94 99 36 13 6 34 
65 42 87 49 66 58 95 41 64 53 61 45 31 34 21 9 83 7 28 20 37 48 12 90 3 36 2 51 35 39 23 62 27 24 10 69 11 91 26 67 56 86 85 96 60 55 54 98 88 68 99 52 57 71 79 0 89 73 40 78 77 8 82 47 63 25 94 4 74 15 75 32 50 30 72 33 70 18 81 14 76 17 59 13 92 29 93 22 44 5 97 16 80 6 84 38 43 19 46 1 
48 98 86 56 77 71 93 91 65 68 82 69 73 57 22 16 26 40 27 12 2 7 3 30 13 36 54 32 46 38 1 49 95 51 11 55 15 76 88 37 79 60 66 20 53 39 67 14 85 23 72 21 96 0 90 35 33 83 34 87 17 58 97 50 18 62 61 99 92 70 52 89 41 45 74 25 64 10 75 4 59 5 94 9 84 42 19 47 31 78 28 44 24 80 6 43 63 8 81 29 
78 96 60 69 81 40 47 55 84 97 52 87 80 77 82 57 25 26 38 12 27 21 66 0 22 7 23 20 8 17 4 89 2 73 79 43 15 33 94 37 63 1 67 18 72 53 50 56 45 64 49 46 98 70 42 68 85 54 92 95 58 32 75 28 83 31 62 14 88 35 44 13 51 36 65 30 90 29 93 5 74 16 48 9 61 41 11 71 76 39 86 10 34 59 6 19 91 3 99 24 
63 51 64 79 61 80 88 48 62 40 83 74 6 20 0 28 38 37 91 3 24 67 31 11 2 23 16 89 82 25 8 29 55 9 99 32 98 42 94 96 43 73 65 41 84 54 46 52 45 97 76 72 92 58 50 44 68 12 70 15 49 35 60 86 30 18 57 34 56 26 77 39 71 4 78 10 66 1 53 5 47 14 69 22 87 7 81 17 93 13 75 21 59 19 85 33 27 95 90 36 
41 89 51 86 42 96 95 68 57 99 69 38 37 35 0 19 15 10 21 30 48 1 5 90 62 82 77 34 79 13 55 33 81 26 83 36 59 11 44 9 93 29 63 27 58 61 85 80 54 73 56 87 72 92 50 49 91 67 46 97 75 22 65 12 94 20 52 32 74 3 66 4 60 18 98 8 45 16 70 23 78 17 47 28 71 2 76 6 84 24 64 39 40 25 43 31 53 14 88 7 
76 96 71 90 88 67 73 65 98 57 7 33 9 36 17 5 30 14 43 8 61 26 53 29 47 27 3 16 80 32 94 24 69 10 60 0 22 31 81 84 68 41 55 40 63 72 83 54 46 58 79 77 50 89 86 59 44 66 45 42 21 74 39 85 13 93 2 52 12 78 35 97 28 48 20 91 11 64 6 92 38 62 19 82 1 87 4 51 37 56 23 70 34 49 95 18 75 25 99 15 
72 77 91 98 50 41 97 52 46 78 60 55 67 99 11 18 32 24 3 25 23 35 17 69 39 5 34 38 27 1 63 14 4 29 59 92 2 7 10 53 70 83 82 93 57 20 58 74 42 79 49 62 88 66 47 40 81 90 65 61 96 21 44 37 76 31 43 30 86 45 75 87 80 51 85 95 71 8 56 6 68 54 28 84 22 9 36 64 19 33 73 15 26 89 12 94 16 48 0 13 
87 91 86 77 65 81 64 83 88 94 76 66 67 32 22 38 2 19 26 12 27 7 84 13 34 37 36 35 57 10 58 33 20 5 89 0 90 14 98 43 93 97 55 42 50 47 82 79 99 52 39 40 11 72 16 53 9 74 25 60 23 59 8 80 28 63 15 70 29 71 30 54 78 51 45 56 95 75 44 85 49 41 73 3 46 4 61 21 69 48 18 62 6 92 17 1 96 24 68 31 
53 92 80 47 40 49 56 42 46 77 95 54 82 81 71 87 48 5 38 21 0 63 7 12 27 9 3 20 37 68 2 43 60 15 10 36 75 29 30 96 25 13 8 39 61 34 35 17 83 6 70 97 88 74 78 85 55 86 94 69 90 45 72 66 52 76 98 67 59 89 62 18 50 24 14 26 99 22 16 33 41 51 44 1 91 11 64 31 79 4 93 65 19 57 23 84 73 28 58 32 
60 99 44 82 68 43 66 87 51 88 63 61 94 80 95 91 33 24 9 11 27 30 5 21 2 8 67 18 36 15 10 29 16 78 20 62 19 56 34 41 47 85 76 37 75 72 77 79 49 45 96 40 93 58 14 92 23 57 59 50 32 70 74 65 69 81 90 84 4 86 98 12 54 13 0 1 97 31 83 17 64 6 35 46 28 53 22 71 25 48 52 7 55 39 89 26 73 3 38 42 
43 45 58 84 52 70 98 67 19 4 14 33 2 18 23 89 3 5 94 17 87 20 79 11 41 30 56 62 15 95 26 64 7 96 13 88 6 76 28 54 27 72 60 42 75 83 57 46 80 69 82 49 68 86 77 74 92 65 85 97 99 40 78 35 91 39 66 24 90 8 47 37 63 31 50 1 73 38 44 22 53 9 59 16 51 10 55 29 71 32 0 61 25 34 48 12 93 36 81 21 
33 6 5 3 20 13 38 0 26 14 24 35 16 28 79 78 53 44 97 40 98 48 57 95 69 91 88 93 52 86 80 74 61 92 76 18 70 11 99 51 49 73 89 68 96 41 54 94 84 77 43 90 81 71 25 42 29 59 36 9 66 4 65 27 60 8 85 39 55 30 72 62 31 63 10 46 19 2 67 34 87 7 50 22 75 37 47 21 83 15 56 32 45 1 64 12 58 17 82 23 
40 93 63 43 34 1 36 38 52 35 32 49 18 78 28 33 45 39 53 29 54 74 68 95 44 82 69 70 79 97 47 46 88 58 57 98 13 51 5 61 14 42 17 71 30 6 87 23 62 4 3 84 67 77 64 86 73 81 94 83 89 91 48 80 96 75 76 16 55 20 21 56 8 85 11 41 22 65 0 92 37 19 12 90 2 99 15 50 9 25 72 10 59 7 66 27 60 31 24 26 
45 56 82 84 90 80 76 43 61 96 97 78 74 91 6 1 50 17 11 20 9 0 7 93 18 8 86 38 98 16 14 32 33 31 47 21 27 10 24 66 4 92 13 85 49 89 63 44 57 55 81 59 94 83 58 40 72 64 42 52 65 99 87 53 2 73 34 48 39 54 15 46 70 25 69 5 51 35 68 36 88 62 3 60 37 95 26 79 67 30 41 19 29 22 75 23 71 28 77 12 
44 66 95 59 89 88 78 54 91 51 46 42 71 82 43 92 41 31 19 25 28 16 38 21 32 4 58 39 73 27 29 7 10 18 13 61 20 85 9 87 12 11 52 49 83 84 67 99 60 81 55 77 56 62 53 93 69 63 57 80 48 34 90 30 50 24 47 37 94 22 76 23 64 14 40 8 96 3 74 1 79 26 86 15 70 17 68 2 45 33 65 5 97 35 75 36 72 0 98 6 
66 60 78 65 91 57 68 52 44 40 95 83 96 84 71 10 19 39 33 14 79 25 23 20 6 17 38 18 16 46 36 87 0 43 12 2 35 49 31 27 45 73 86 67 53 42 48 88 80 61 70 74 64 47 81 72 89 51 99 55 56 29 54 32 58 24 75 28 69 5 76 34 41 1 82 30 93 7 59 21 85 15 94 8 63 13 92 9 50 26 97 4 77 22 62 3 98 11 90 37 
99 72 45 84 48 64 80 63 75 54 69 66 18 36 98 20 27 29 37 70 8 4 16 78 31 23 21 12 6 57 38 0 14 26 85 5 68 22 40 91 53 41 83 67 50 15 74 35 47 13 81 19 76 1 62 7 59 17 96 3 82 10 93 90 58 42 92 97 51 60 94 77 56 86 52 49 79 65 89 46 55 33 30 87 24 44 28 25 61 34 73 2 95 39 88 11 43 32 71 9 
54 77 87 81 86 58 75 97 93 50 92 40 84 12 15 6 26 25 17 9 4 24 47 37 33 27 34 30 3 0 43 18 98 20 61 21 10 78 89 70 52 85 49 62 53 96 64 88 44 65 80 73 59 67 76 42 72 83 45 95 69 94 90 2 74 7 48 8 68 35 82 38 91 13 55 23 29 71 11 56 31 57 28 32 46 36 60 39 79 5 99 22 66 1 63 14 41 19 51 16 
71 79 62 70 49 58 88 72 63 55 99 78 92 93 50 61 91 43 12 34 9 22 17 46 2 30 35 28 26 6 7 27 29 16 31 15 14 4 96 68 56 51 41 54 82 44 39 75 40 42 66 80 98 65 90 53 60 87 83 95 47 45 85 76 38 89 20 10 74 13 84 11 97 21 8 77 18 67 23 94 5 48 3 69 24 64 1 81 0 73 37 86 33 59 25 57 19 32 52 36 
69 43 89 52 82 54 95 44 60 78 83 58 77 75 47 67 65 62 4 33 6 15 29 16 9 27 3 68 64 17 34 18 28 79 12 30 39 48 35 24 56 37 42 31 49 87 90 96 51 97 86 81 73 71 85 91 50 61 55 92 74 19 45 22 94 13 59 23 99 0 98 11 46 26 80 25 76 38 41 14 88 7 66 8 70 21 53 5 72 36 57 2 40 1 93 10 84 20 63 32 
