78 121 94 144 115 92 79 57 116 131 72 87 66 110 55 103 143 133 88 128 71 140 52 67 146 127 130 124 26 39 43 27 33 96 23 11 32 7 9 61 34 83 2 44 24 149 14 21 10 107 13 73 134 86 6 16 38 19 1 101 105 137 136 60 65 81 125 139 20 119 123 99 126 145 132 141 97 70 62 95 138 54 106 63 102 75 74 135 111 58 109 84 50 51 89 147 129 120 80 93 117 25 91 49 77 30 108 8 85 46 59 37 112 40 76 4 142 35 100 64 104 56 118 90 53 114 5 12 148 113 36 68 31 82 18 22 28 48 122 45 47 0 41 3 17 69 29 42 15 98 
53 122 85 118 140 57 89 134 96 58 82 56 114 115 103 63 66 83 110 81 51 119 133 21 7 10 126 24 6 12 35 22 45 32 30 25 37 8 18 15 20 36 47 34 46 9 11 108 31 99 138 135 143 92 70 91 132 117 94 145 52 97 129 148 124 101 116 41 72 111 77 78 136 75 84 112 125 144 59 93 127 50 120 137 113 62 90 60 128 55 69 80 102 61 147 123 54 107 149 65 71 13 121 49 68 0 87 16 130 28 88 44 86 38 74 3 146 14 76 17 141 26 100 29 142 27 79 43 105 1 104 33 131 40 98 23 106 5 139 42 95 19 109 48 67 2 73 39 64 4 
98 141 94 102 69 68 66 101 115 53 130 128 111 41 6 4 48 20 5 29 42 106 12 39 18 8 15 85 119 118 120 135 93 58 56 55 50 105 81 36 46 37 11 64 3 75 22 139 47 124 117 57 146 121 65 147 83 72 89 77 129 88 82 148 0 134 63 144 45 131 30 52 90 71 17 80 28 113 1 109 54 74 84 67 78 51 110 114 73 91 143 122 145 62 70 61 99 87 79 136 133 35 104 31 108 27 76 19 127 2 116 13 138 32 142 33 103 24 107 40 92 26 112 9 95 16 96 44 100 10 86 25 126 49 60 38 125 23 137 7 132 21 149 14 123 97 34 140 43 59 
86 80 82 81 115 95 134 85 146 147 76 91 90 132 51 117 103 128 89 84 79 64 58 110 108 25 39 41 40 3 15 72 38 13 16 47 9 49 6 2 0 88 11 29 45 23 26 114 22 10 37 112 30 34 142 42 137 101 97 87 148 53 44 52 1 129 73 145 69 144 105 109 54 127 92 65 141 133 93 78 75 104 83 60 140 21 94 32 18 106 48 62 36 20 135 33 130 4 100 35 66 24 120 12 124 14 70 136 50 119 71 98 99 56 77 138 59 57 67 131 118 116 55 123 63 125 74 149 139 121 143 5 7 122 17 61 68 31 102 28 111 27 107 43 113 8 96 46 126 19 
70 91 61 115 72 68 122 87 92 54 59 117 69 94 58 71 78 14 93 45 42 1 11 6 25 132 40 12 51 31 123 32 105 28 36 23 38 48 15 4 35 21 34 84 39 44 24 90 37 106 82 140 29 73 101 66 75 65 67 141 110 135 130 74 113 147 98 107 149 97 80 111 138 64 77 125 52 112 137 143 120 142 56 145 95 103 148 104 131 89 128 63 81 79 96 85 134 127 129 136 126 62 53 86 57 20 100 3 121 43 99 49 60 47 119 22 124 13 108 2 9 50 133 46 76 27 55 30 109 41 116 5 83 0 144 19 7 102 10 88 18 146 17 139 26 114 8 118 16 33 
95 66 73 133 85 130 60 132 10 7 35 32 14 12 15 115 38 126 9 37 8 5 17 16 84 6 128 42 64 19 39 30 134 50 67 96 92 147 101 57 149 91 74 51 69 116 72 90 146 114 75 82 83 97 103 120 89 79 80 78 119 71 46 70 21 20 127 63 99 138 110 52 108 107 136 111 109 54 59 61 117 118 62 125 102 94 76 77 56 87 143 58 65 123 113 144 124 135 137 145 98 1 141 47 140 24 86 22 36 28 27 142 23 104 53 4 93 18 148 31 41 105 34 48 49 13 129 26 121 29 139 44 55 0 88 43 106 25 81 2 100 131 33 45 122 68 11 112 40 3 
124 71 67 110 137 119 123 128 118 95 52 70 69 82 116 89 98 74 97 145 127 72 91 7 25 8 45 43 40 12 99 17 37 44 2 1 19 21 46 26 11 22 49 3 130 107 20 122 66 55 68 62 117 65 86 148 132 101 115 141 61 139 135 87 63 50 90 126 108 100 106 56 51 85 78 105 131 149 96 60 109 102 81 83 125 104 134 73 88 75 28 111 10 112 34 76 64 38 80 30 57 41 121 27 113 9 146 15 94 114 36 92 5 84 24 79 6 138 39 129 35 16 133 31 136 14 120 13 143 29 54 32 142 4 58 18 144 23 77 47 103 48 53 33 59 93 42 147 140 0 
77 119 133 85 129 87 83 117 91 97 72 147 125 102 51 128 92 105 0 30 41 10 39 28 5 36 29 2 3 40 21 76 45 4 34 46 13 20 19 74 11 110 31 33 8 103 15 132 49 123 145 60 98 27 113 122 66 149 62 112 115 65 67 148 95 9 99 124 73 111 142 107 57 56 80 146 126 116 134 121 140 58 63 88 89 81 118 141 47 139 52 86 96 90 104 144 82 143 135 93 127 32 109 42 79 69 138 64 75 78 136 55 114 59 53 50 68 120 106 100 12 54 16 70 37 61 14 25 108 1 101 6 17 94 38 137 7 18 71 44 24 22 131 84 35 130 43 48 23 26 
12 45 17 22 35 30 3 37 11 8 38 29 115 108 114 73 132 76 66 70 110 130 142 93 120 90 126 96 87 67 56 135 133 82 57 105 72 111 78 85 140 97 138 52 74 102 106 79 149 77 134 107 129 116 71 123 141 101 62 89 128 63 144 81 92 103 104 100 32 146 19 40 53 42 91 9 58 44 15 121 13 112 24 49 98 28 88 41 5 86 48 64 69 75 65 50 113 148 84 118 145 117 83 127 131 43 122 27 95 23 109 39 99 31 80 47 139 4 55 46 94 10 59 2 124 36 61 34 119 6 51 0 136 14 60 21 143 26 137 25 54 16 125 7 68 18 147 33 1 20 
141 73 109 78 119 85 144 128 111 142 96 132 62 66 68 124 147 70 122 88 129 130 59 79 54 97 140 113 110 87 100 99 72 20 21 11 28 10 44 75 1 5 45 46 15 42 9 131 135 22 8 36 49 3 48 13 58 12 105 17 4 43 31 76 27 37 52 74 107 19 30 47 80 134 65 137 108 56 136 82 123 92 120 61 64 91 104 57 126 60 115 133 77 55 146 149 145 127 102 67 94 139 138 86 63 114 71 121 84 24 125 23 118 0 53 51 14 6 143 33 81 41 69 39 95 2 112 26 90 34 7 103 29 98 101 40 106 35 50 16 117 89 32 18 116 93 25 83 148 38 
13 48 21 43 1 22 36 77 132 96 118 69 147 138 50 105 93 134 97 122 57 76 101 103 56 92 104 70 82 137 140 88 146 125 29 58 79 40 53 11 144 33 106 6 119 24 117 31 98 0 81 37 55 25 94 19 121 44 149 35 64 3 102 17 74 23 133 131 39 115 4 99 45 116 38 100 42 107 10 54 51 18 141 142 20 12 136 112 49 62 26 108 15 78 123 2 130 66 32 126 9 110 14 124 80 113 85 109 71 143 135 139 61 89 91 83 111 59 52 127 67 72 95 65 75 129 63 148 86 68 145 90 46 8 5 128 47 34 120 27 30 87 41 73 28 114 7 60 84 16 
72 52 73 138 57 145 56 80 64 85 142 100 58 117 23 42 29 133 39 7 22 3 11 41 123 86 44 40 33 87 9 103 46 121 27 119 12 126 118 13 14 25 70 31 65 45 104 38 128 102 54 89 105 113 125 62 90 134 130 59 101 146 139 135 63 137 110 144 74 51 112 79 66 116 109 115 99 111 88 94 84 132 83 82 60 147 91 76 61 71 106 141 77 107 148 36 81 24 149 18 97 16 129 49 143 17 78 32 120 30 67 21 69 6 140 19 136 15 98 127 2 50 47 92 5 43 108 48 93 1 95 26 131 4 114 35 96 20 53 10 122 34 75 0 124 8 68 28 55 37 
97 54 113 63 87 112 89 69 78 62 101 65 61 136 58 84 116 121 31 15 11 34 12 40 47 24 22 138 4 36 8 139 45 48 29 14 32 0 33 74 27 43 98 49 21 135 18 38 2 79 56 114 117 96 37 23 125 149 76 67 148 106 64 68 137 119 80 81 50 88 82 123 51 86 75 145 85 146 110 92 103 55 100 126 140 122 105 60 124 52 120 93 128 94 77 70 91 132 144 134 143 28 66 19 59 44 107 6 39 9 30 109 10 41 57 115 141 71 90 147 102 133 130 118 73 127 108 131 53 95 83 42 35 129 7 104 5 13 20 72 99 111 1 142 16 17 46 26 3 25 
142 91 81 85 117 73 55 50 61 87 100 82 101 121 124 118 24 48 33 17 16 76 5 0 119 8 111 25 97 1 23 9 42 2 106 20 12 37 46 47 120 53 77 135 45 125 105 146 80 104 44 116 110 131 112 64 59 62 65 94 122 58 95 141 133 74 75 57 149 126 148 51 96 136 63 41 134 29 68 15 113 56 127 147 93 90 79 78 115 70 69 54 66 130 128 86 108 98 92 52 99 14 129 19 137 22 144 4 71 10 123 38 114 31 72 43 143 49 89 3 107 40 109 26 145 27 88 132 139 6 7 84 13 18 103 36 140 102 11 35 60 30 28 21 138 34 83 39 67 32 
51 54 77 53 132 102 114 95 72 79 123 148 94 145 52 120 66 139 116 140 128 90 101 129 98 97 87 121 110 78 142 2 46 48 41 38 126 15 76 26 147 17 131 25 42 14 4 8 107 5 13 33 24 65 39 136 1 21 124 37 20 28 40 47 30 16 109 35 0 122 50 100 27 85 31 146 86 68 80 83 134 91 141 106 70 67 84 117 119 73 63 135 144 130 96 58 112 60 104 71 62 103 127 113 69 92 75 93 89 23 125 43 49 82 45 105 9 111 7 64 44 59 133 99 88 36 81 138 10 57 34 118 22 74 12 6 108 11 61 55 3 56 32 143 29 137 18 149 19 115 
85 86 139 83 68 122 142 54 105 73 65 110 56 98 144 111 125 146 30 27 35 28 19 48 47 2 15 60 18 50 38 3 36 64 24 113 29 135 10 143 79 46 22 7 61 134 55 52 138 75 132 66 11 121 72 17 99 102 77 131 78 136 88 97 109 51 91 101 108 115 148 133 58 130 106 126 147 120 63 59 57 114 112 94 70 103 145 89 140 149 107 43 118 23 9 69 42 96 49 82 93 13 37 124 80 21 127 16 104 0 62 20 119 31 74 8 117 39 76 25 4 128 40 71 44 92 32 84 100 26 95 45 116 12 87 1 34 41 67 6 137 129 14 81 5 141 123 53 90 33 
148 128 142 146 140 88 80 70 131 102 91 86 108 141 57 101 29 32 20 37 17 83 5 59 147 0 30 85 44 9 2 87 13 122 26 104 34 127 25 99 51 93 53 137 96 121 118 126 115 75 56 132 134 136 73 114 28 143 39 24 4 62 36 144 33 107 7 89 15 27 61 111 10 21 130 117 110 67 90 68 84 77 60 120 95 135 106 82 112 76 79 74 138 129 69 71 98 54 113 133 103 48 78 46 123 3 72 1 94 19 81 43 64 35 100 47 97 22 52 23 124 8 145 42 65 14 109 49 105 38 116 41 66 16 125 18 63 6 50 45 92 11 139 31 149 12 119 58 55 40 
134 74 135 80 85 100 89 118 54 84 147 114 67 124 51 24 45 2 93 115 0 113 12 22 38 34 40 13 91 109 20 111 116 102 64 145 60 131 63 130 146 133 132 65 71 50 138 127 86 87 125 141 52 140 81 121 143 49 126 10 129 5 104 4 122 36 117 15 76 32 68 47 142 9 75 31 105 41 53 28 107 44 59 3 61 101 58 103 92 97 96 120 112 137 148 66 99 69 70 88 62 21 78 43 149 16 82 37 83 25 94 7 108 14 79 11 72 27 95 29 57 19 77 1 136 33 55 23 18 98 17 139 6 123 35 110 48 144 8 56 46 73 26 106 30 90 39 128 119 42 
93 61 101 120 135 57 78 64 86 99 45 10 9 28 108 35 23 26 147 96 73 3 146 13 42 102 6 83 47 139 76 34 21 95 41 36 72 31 62 142 97 100 124 98 123 79 52 127 140 90 106 74 38 145 70 7 27 77 117 130 46 84 71 105 82 50 63 118 109 125 112 87 69 85 121 55 149 131 67 75 110 88 128 115 56 92 32 91 1 119 65 4 126 148 111 22 80 24 40 11 138 129 134 136 33 14 94 15 53 25 0 43 133 29 104 20 51 37 58 39 116 18 143 103 137 66 89 16 107 54 17 114 30 113 19 8 68 49 132 44 5 122 12 81 59 48 60 144 141 2 
63 70 85 90 100 107 62 130 96 82 71 77 59 89 76 73 56 84 110 7 30 49 4 36 44 29 28 75 15 18 87 45 2 134 25 131 9 65 31 48 33 108 109 14 17 68 35 21 27 43 143 16 1 52 95 128 72 126 88 147 114 98 93 69 121 97 67 117 133 86 94 127 102 78 140 55 104 142 124 132 61 112 123 149 115 91 139 146 66 122 103 125 137 148 57 58 120 51 144 106 99 23 54 34 105 19 79 40 60 24 113 8 64 11 92 111 6 116 13 141 5 46 50 26 80 42 129 12 138 32 145 0 119 3 53 37 118 41 135 20 136 38 81 47 101 39 83 22 74 10 
98 53 115 99 144 67 50 88 60 5 23 43 28 31 1 75 41 92 25 0 27 134 8 107 10 2 119 34 66 21 79 48 117 12 3 42 123 20 136 30 65 4 128 14 130 37 93 100 52 87 127 126 125 82 90 55 142 84 122 149 105 56 86 81 69 101 91 139 61 131 9 103 108 64 135 58 113 96 54 83 57 89 73 140 76 129 36 77 118 6 71 33 51 29 145 7 78 15 102 137 80 106 121 74 143 63 109 133 114 95 94 62 116 72 112 19 124 17 68 111 49 146 22 97 32 138 38 110 46 85 47 11 148 44 141 18 132 24 59 16 104 13 26 40 120 45 70 39 147 35 
135 114 85 146 51 52 79 68 71 139 97 53 76 82 118 72 115 65 93 121 86 96 113 122 149 54 100 66 83 42 9 4 47 69 21 57 20 26 13 46 37 90 48 35 41 10 33 59 6 49 89 101 132 19 22 34 128 102 109 7 40 74 15 17 39 0 58 94 106 67 124 91 147 136 142 18 77 108 24 92 129 84 110 50 73 8 125 29 75 14 119 36 23 133 1 56 32 123 28 98 138 31 5 104 45 70 43 64 111 25 38 141 78 12 112 117 103 116 2 27 60 44 11 55 61 99 63 120 145 134 107 144 105 126 62 137 130 131 81 87 95 127 143 148 140 88 80 16 30 3 
84 118 66 122 144 135 140 128 131 125 115 130 116 63 139 73 102 80 106 57 123 109 8 17 49 22 46 32 19 5 94 11 79 74 29 31 33 95 9 88 47 42 35 26 1 6 75 28 16 23 52 87 67 70 25 145 134 101 12 60 62 149 110 92 147 91 138 82 98 120 90 148 108 72 103 117 105 86 83 107 65 104 50 132 112 89 68 136 58 114 142 51 48 143 127 71 113 124 146 81 56 18 69 13 64 34 97 43 85 45 100 4 53 37 129 15 119 96 10 54 2 121 44 59 39 41 111 14 126 7 76 30 93 38 61 36 55 3 24 78 40 133 141 21 99 20 137 0 27 77 
96 87 83 86 89 103 56 85 115 121 128 91 62 60 88 117 82 19 37 21 28 22 145 33 92 13 36 29 79 7 4 69 44 30 15 43 146 6 27 112 23 40 11 73 51 80 25 76 10 17 50 141 143 131 142 136 75 72 81 125 61 64 109 98 57 122 84 113 102 106 78 5 139 74 47 135 31 107 3 104 77 35 66 14 58 48 63 18 100 20 94 1 149 24 68 2 52 34 93 26 99 12 126 46 90 101 133 138 130 65 71 105 53 124 123 55 129 119 127 95 114 111 59 147 97 144 120 108 140 116 42 8 16 134 41 132 45 148 137 49 110 39 118 70 9 38 67 0 32 54 
81 98 139 119 70 90 53 111 104 93 117 124 147 116 112 106 84 86 129 0 15 33 32 19 41 38 22 42 4 91 36 11 45 21 10 44 1 141 34 52 37 121 78 140 97 110 17 107 128 88 28 148 7 134 14 75 13 68 89 60 62 135 31 142 46 137 50 67 144 130 59 82 120 71 114 92 146 87 109 127 95 94 57 72 66 64 63 54 76 101 100 99 51 103 61 138 58 136 85 69 77 55 145 118 74 123 105 126 131 108 43 29 122 27 102 8 18 113 48 80 6 143 49 149 30 133 3 132 26 23 79 24 2 125 25 96 47 115 39 40 73 12 65 9 5 20 83 16 56 35 
132 85 128 98 74 145 109 71 58 77 59 146 62 72 115 95 60 106 70 28 48 30 29 43 3 38 14 42 5 32 11 15 149 61 22 107 13 31 41 88 1 7 39 143 18 17 49 6 37 33 108 124 112 80 99 63 76 120 121 96 144 123 64 86 101 114 69 105 133 56 89 142 97 134 116 73 127 102 65 92 113 55 122 104 54 140 110 75 68 103 57 118 125 138 53 137 130 87 139 50 93 44 131 16 83 35 147 8 79 45 94 129 91 148 111 136 126 135 90 52 10 27 66 40 67 20 26 36 100 46 82 47 141 9 119 4 12 78 24 0 23 2 81 19 34 84 25 51 117 21 
99 75 86 97 82 148 88 78 133 58 119 76 50 116 83 135 1 17 11 81 0 38 29 2 39 117 92 80 13 111 87 142 108 145 122 79 54 131 84 51 124 123 109 93 138 61 34 103 3 42 23 40 26 28 102 8 15 43 105 4 90 48 85 49 9 31 127 47 107 19 72 130 143 60 52 73 146 55 125 106 112 56 129 94 100 141 101 53 134 68 128 132 70 121 120 63 71 118 91 57 67 12 65 6 64 14 149 10 139 20 77 44 95 30 144 46 66 18 115 7 140 32 96 35 137 33 62 24 69 36 147 37 110 21 104 41 98 22 126 27 74 16 114 5 59 45 89 25 136 113 
85 74 67 119 80 55 101 68 61 135 108 51 120 110 56 106 141 125 104 88 58 126 122 21 13 32 34 9 15 12 75 41 49 11 0 30 54 6 111 7 87 26 130 22 43 47 10 38 92 100 18 28 1 73 143 140 29 46 57 105 66 137 114 128 24 127 118 97 117 133 113 136 59 63 112 131 84 138 71 69 86 90 121 123 77 60 149 89 95 144 81 70 96 116 102 65 8 99 4 134 39 83 44 147 23 94 3 146 48 109 37 64 31 62 142 145 148 124 139 82 17 53 19 50 5 76 35 132 14 115 33 107 27 103 25 91 20 93 36 78 40 98 16 129 45 79 2 52 72 42 
26 3 16 77 75 114 67 149 135 64 65 144 115 138 102 140 58 87 116 79 48 9 141 21 20 0 22 50 41 7 34 82 44 71 105 17 23 8 35 131 42 72 133 84 68 85 117 74 99 124 83 62 100 52 119 66 55 56 142 76 128 130 95 57 122 98 80 86 19 18 88 13 139 92 54 110 129 147 118 91 123 61 146 94 148 51 134 96 143 127 70 47 10 106 125 107 126 24 73 15 69 6 104 4 31 90 32 108 45 145 40 137 39 109 93 33 113 12 103 46 112 28 132 37 97 25 121 14 111 2 78 27 60 5 59 30 120 29 136 38 1 89 11 43 63 81 49 101 36 53 
85 91 92 50 84 72 144 52 137 87 149 63 64 117 111 74 107 100 140 132 119 126 71 146 109 48 29 1 44 37 19 73 46 15 23 7 75 39 36 24 11 17 6 40 86 45 68 12 120 9 35 20 125 21 5 70 93 67 53 131 136 97 16 128 123 90 133 99 113 127 124 56 57 79 34 77 30 66 2 80 4 101 32 89 10 78 43 115 0 105 49 31 54 14 61 26 62 8 102 83 65 143 51 103 147 130 122 129 118 108 88 145 82 81 135 58 138 112 134 95 98 114 69 76 106 59 110 22 96 27 60 28 141 33 139 41 148 47 121 38 94 13 116 25 104 42 142 3 55 18 
75 65 99 117 133 127 68 137 88 53 123 116 125 81 105 113 90 60 148 115 110 55 103 10 34 37 11 12 21 61 32 30 35 42 139 19 29 23 96 129 7 16 45 24 49 43 52 97 26 38 14 17 149 28 112 95 132 126 74 59 92 25 58 106 51 111 119 141 62 143 71 73 94 134 64 76 69 144 102 120 109 135 72 78 98 122 50 136 118 104 89 63 91 83 80 57 140 70 147 130 108 13 93 2 101 40 85 18 128 36 66 1 86 47 100 5 107 20 77 9 121 3 87 48 79 33 114 27 84 0 82 22 146 31 56 8 142 39 145 41 131 15 67 46 54 4 138 44 124 6 
141 83 131 85 112 92 147 113 65 74 130 118 136 138 80 115 120 84 79 106 137 56 86 114 117 32 11 36 5 4 16 23 12 81 10 140 17 30 28 63 13 42 127 39 24 25 19 143 139 50 29 121 58 126 73 21 70 98 104 103 122 144 119 72 75 146 125 64 101 87 108 93 95 54 149 105 123 111 89 134 148 142 62 57 55 110 26 88 47 145 128 135 2 7 90 33 107 43 109 9 124 27 67 14 91 45 69 51 102 132 20 60 38 52 34 97 48 82 3 100 6 59 0 78 31 116 44 68 94 41 76 37 133 49 66 99 1 71 22 77 40 61 18 129 8 35 96 46 53 15 
56 69 124 105 89 91 59 98 82 61 68 108 148 110 115 133 116 117 75 70 73 125 12 0 48 36 44 23 35 130 15 27 42 26 46 19 25 43 8 93 100 10 49 11 24 87 20 99 37 18 102 96 3 120 32 138 134 84 121 71 141 132 111 123 50 57 53 101 136 83 147 81 51 128 79 78 114 94 104 146 58 64 118 143 95 60 77 66 107 62 106 74 126 7 45 2 31 14 112 47 127 38 4 1 72 65 109 63 34 6 54 149 21 97 131 80 139 92 145 142 85 144 140 55 103 67 88 90 119 41 33 76 16 135 9 17 39 122 29 52 40 86 5 129 22 113 13 30 28 137 
81 122 85 75 87 95 67 57 128 132 98 126 127 102 142 89 110 83 63 46 44 16 29 31 42 18 93 80 20 11 43 4 28 39 1 45 56 119 17 12 23 21 112 6 121 14 0 41 68 7 113 64 103 125 48 27 82 49 71 99 101 61 97 35 90 69 66 92 54 88 124 136 130 118 120 135 74 108 53 107 148 117 105 145 79 123 73 106 55 72 137 65 50 115 91 134 144 149 139 60 114 58 70 129 5 104 30 116 10 141 3 62 40 86 133 32 76 140 36 111 15 94 47 59 138 37 34 96 9 146 26 78 24 131 2 109 19 84 33 51 13 100 25 143 22 147 8 52 77 38 
75 133 149 83 51 141 88 114 143 142 101 116 97 148 104 78 139 70 115 67 50 106 73 19 31 21 12 11 8 9 25 14 130 15 0 138 49 112 43 18 40 28 121 91 47 132 36 23 4 119 52 48 56 135 72 122 145 54 144 129 94 131 146 29 147 46 96 42 99 13 66 45 118 20 93 39 79 6 84 5 59 61 38 33 22 89 140 27 123 3 10 17 26 7 109 1 111 34 65 30 44 81 117 125 134 103 71 86 128 95 53 55 90 110 137 92 76 60 69 68 57 120 100 98 102 77 80 58 64 105 127 107 126 124 108 87 62 63 136 85 74 37 32 16 113 24 82 41 35 2 
85 137 76 75 104 92 127 59 55 120 112 115 51 20 30 9 77 33 13 45 44 12 84 10 107 123 114 141 96 118 87 93 60 90 52 82 138 135 102 134 131 130 57 101 68 69 49 56 46 80 27 74 2 106 25 50 18 121 17 39 109 7 99 34 79 15 128 29 126 40 58 6 65 43 11 73 53 94 100 89 113 54 136 63 108 91 62 132 116 78 117 72 67 95 143 147 97 119 133 142 81 124 105 144 149 41 24 26 61 1 111 14 70 47 103 48 71 8 145 4 122 3 146 36 110 19 139 16 148 32 42 129 22 64 31 125 28 88 21 86 0 98 5 66 37 83 38 35 140 23 
75 133 143 145 79 64 118 62 116 119 130 127 122 80 72 126 148 76 142 56 73 23 9 0 90 21 58 17 26 28 19 94 117 13 10 33 11 3 43 32 38 47 24 14 123 39 49 1 52 31 77 67 46 107 74 66 113 121 82 59 110 146 60 111 124 88 53 108 86 54 134 144 125 137 69 100 63 139 93 89 68 131 55 95 103 149 140 138 97 50 70 114 101 98 141 135 136 91 92 106 27 104 30 128 36 105 48 99 16 85 35 115 7 65 2 40 20 71 4 147 15 83 57 51 42 34 102 29 120 22 112 8 109 25 81 5 78 45 132 41 129 37 87 44 96 18 84 6 61 12 
26 21 10 28 11 17 38 15 14 43 8 52 62 84 51 113 116 76 77 141 134 60 143 123 56 128 89 147 112 88 91 83 144 130 137 69 80 140 93 53 118 98 105 50 127 66 142 148 108 68 33 85 7 64 90 81 54 132 129 65 94 0 114 117 46 101 25 111 3 42 125 49 6 96 34 45 61 24 12 145 1 18 149 48 110 59 72 75 55 86 78 73 58 74 146 104 70 120 92 119 36 82 100 95 133 139 106 131 22 97 30 136 35 99 9 71 31 135 16 124 79 32 4 20 57 5 23 109 44 122 40 107 37 39 102 67 19 63 2 126 47 138 29 115 27 103 121 41 87 13 
139 56 52 104 60 138 86 115 84 146 74 57 123 94 54 105 44 47 5 0 39 101 21 10 33 14 11 28 127 113 8 1 30 76 118 136 131 63 114 40 125 69 79 70 73 75 120 68 148 140 128 71 96 149 124 64 144 147 77 61 122 27 134 4 126 31 46 90 22 58 13 116 6 117 12 83 17 145 7 51 3 106 18 87 42 110 34 141 9 129 102 82 119 67 59 97 85 80 107 98 95 111 92 112 133 109 142 49 130 24 65 2 135 43 121 35 62 32 55 37 78 48 89 45 108 20 93 38 72 143 50 99 88 53 91 137 66 100 41 15 103 23 16 25 19 36 81 29 132 26 
148 85 88 105 115 144 77 109 135 54 89 134 132 93 83 146 60 67 72 103 120 53 97 80 51 82 78 112 147 86 106 27 42 44 33 36 6 31 74 99 11 12 35 59 34 1 16 75 5 138 29 79 0 143 69 130 30 17 47 7 24 14 15 43 41 4 45 21 13 9 141 8 113 22 124 26 118 3 71 10 140 39 145 37 111 20 123 25 40 28 101 18 38 23 122 48 96 32 121 19 110 91 104 2 128 127 50 62 76 73 95 98 92 58 142 66 56 61 52 90 107 125 116 84 57 149 133 108 129 100 64 117 63 70 131 139 65 102 136 55 126 94 87 68 114 119 81 46 137 49 
74 76 115 102 79 145 135 125 80 94 63 62 121 105 90 71 67 108 93 81 92 77 65 116 61 52 124 131 133 114 111 84 40 11 6 68 10 9 26 117 123 5 36 127 41 39 22 47 20 43 19 51 1 48 12 128 38 45 14 136 35 89 100 57 32 42 31 85 137 88 109 103 53 86 130 58 132 60 87 118 82 148 97 113 129 140 50 143 21 138 34 59 73 70 7 95 46 104 107 83 98 139 122 101 54 112 18 72 144 134 96 141 120 91 44 126 23 146 2 119 0 56 27 149 3 17 78 25 55 15 66 24 75 33 147 28 64 8 110 4 99 30 29 142 49 106 13 69 37 16 
138 68 142 99 141 104 85 115 50 61 131 90 148 54 103 134 139 149 95 102 137 122 71 37 26 8 39 11 66 43 46 27 18 45 30 48 6 44 64 25 10 33 129 75 1 31 15 124 22 35 119 56 106 88 100 72 96 91 135 105 109 55 107 117 123 143 111 52 136 114 70 41 57 36 67 40 74 49 112 63 47 83 3 144 14 97 118 34 82 29 58 0 94 42 108 128 132 76 80 121 140 127 126 60 92 73 79 89 62 78 51 53 130 84 147 77 113 16 59 2 101 7 110 23 93 17 86 13 69 28 125 12 32 116 9 81 20 21 145 38 146 4 133 5 87 120 19 65 24 98 
0 39 25 7 14 29 37 24 127 91 73 102 53 76 142 98 115 83 147 122 92 87 89 94 79 144 100 74 139 65 103 51 117 69 82 62 59 140 81 113 130 90 67 105 86 54 125 66 27 34 38 26 75 22 15 64 12 32 63 129 112 1 11 95 6 10 114 60 146 149 55 101 131 107 128 19 106 5 3 35 80 120 97 42 77 45 138 49 134 33 88 124 143 110 78 61 109 72 119 121 96 71 104 31 132 40 123 28 137 20 48 148 17 111 18 44 46 57 8 56 52 70 108 2 118 21 133 145 136 84 4 68 30 50 43 85 47 58 41 135 9 93 141 126 16 36 99 13 116 23 
85 95 101 81 107 136 96 79 148 130 65 66 142 115 72 103 109 134 68 149 120 91 135 139 105 69 93 80 144 104 122 126 41 10 36 49 4 28 147 46 12 63 38 27 35 33 50 58 25 45 133 47 55 31 39 77 30 6 1 22 116 11 108 17 5 146 8 16 111 87 98 24 44 62 52 143 140 88 137 61 0 48 71 57 132 127 75 102 74 113 110 97 73 112 129 141 56 37 43 119 2 14 131 34 19 3 53 117 32 138 15 114 23 64 60 100 86 92 67 145 121 78 124 89 70 118 76 125 106 59 123 90 13 9 128 21 94 18 99 84 26 54 20 82 7 83 40 42 51 29 
82 94 114 128 71 140 142 115 74 100 63 95 139 96 13 42 14 25 106 66 22 18 46 35 37 73 17 1 10 12 28 59 120 122 141 72 109 86 117 125 129 98 108 75 121 104 64 131 123 147 136 110 83 132 102 85 105 87 143 55 41 65 36 126 39 51 23 118 138 21 61 43 134 0 84 20 119 49 144 44 78 130 112 57 54 93 81 56 58 77 90 67 103 70 145 148 116 69 133 3 50 38 137 47 52 30 146 40 101 24 124 5 89 8 127 6 79 2 53 27 88 29 149 15 91 4 80 9 111 31 60 32 92 45 135 11 107 19 76 33 113 34 97 7 62 26 99 16 68 48 
106 96 97 67 129 85 110 65 102 115 58 125 86 80 103 101 52 84 64 112 111 128 69 147 79 119 134 123 148 88 17 22 42 6 1 82 31 4 33 16 24 30 3 39 43 83 8 5 9 45 32 107 108 14 41 124 77 116 66 44 89 149 12 18 93 11 138 92 113 145 140 26 121 146 95 118 38 51 75 25 46 91 71 53 130 142 99 139 104 114 105 144 74 135 141 137 50 63 23 122 57 87 68 72 109 61 133 136 60 70 56 54 120 131 76 2 13 126 10 19 90 48 73 7 94 15 47 127 35 20 78 21 34 55 28 143 36 100 37 132 40 81 29 62 49 59 117 27 0 98 
113 87 58 106 61 131 103 59 67 129 70 73 60 143 108 68 72 51 86 125 9 3 35 43 20 89 45 39 49 2 16 28 30 22 6 134 48 54 18 23 40 85 42 88 5 105 27 138 26 34 37 147 93 101 117 10 102 139 52 141 122 137 98 94 120 128 74 132 63 57 75 80 142 119 83 66 100 90 97 95 149 76 109 111 62 124 82 50 79 145 56 84 144 130 135 81 53 110 148 121 127 14 126 33 65 11 104 15 92 1 55 32 64 46 99 8 77 38 115 36 112 41 96 7 107 21 140 47 118 44 133 4 114 31 78 12 69 17 123 29 91 19 116 24 71 25 146 0 136 13 
129 85 121 83 111 72 122 127 62 137 114 59 88 143 118 103 115 57 70 101 25 12 63 18 34 44 41 24 26 37 7 30 21 36 28 4 75 42 22 82 45 68 49 39 3 135 10 50 16 46 27 89 119 77 66 91 71 78 104 136 117 92 148 125 139 61 149 144 65 67 142 90 93 94 95 128 56 108 64 106 52 100 141 145 79 86 131 107 126 120 105 140 74 73 124 87 60 110 133 76 96 6 53 8 130 14 55 17 51 48 99 35 112 47 69 9 84 11 146 38 58 5 97 19 123 1 102 40 80 15 147 33 109 13 132 23 116 29 54 0 98 31 138 2 81 20 113 32 134 43 
94 71 109 129 149 106 132 138 103 50 137 143 115 81 51 127 54 124 130 53 144 133 63 57 141 82 66 100 32 33 39 13 21 49 95 0 4 52 16 119 6 18 27 48 20 24 36 69 73 12 22 14 37 29 43 88 7 140 92 122 99 58 86 79 1 75 74 2 118 98 121 101 148 116 135 125 110 147 112 105 108 83 90 126 145 60 59 77 89 96 91 70 84 102 93 146 131 134 64 139 107 30 120 11 136 9 61 17 142 46 78 34 62 19 128 3 65 41 97 28 72 5 117 35 111 42 67 15 68 23 80 47 56 31 113 25 123 40 85 44 114 45 76 8 104 38 55 26 87 10 
104 119 82 66 59 144 136 105 140 89 57 91 115 83 131 112 103 106 50 134 70 71 77 113 17 49 14 40 8 45 38 24 22 16 42 5 23 9 26 19 75 7 3 18 25 41 102 12 78 101 109 79 118 11 1 94 0 62 123 116 67 100 58 98 95 60 149 121 122 55 72 146 74 87 141 128 148 84 143 124 99 108 69 107 21 97 6 139 35 73 10 63 31 56 48 52 47 127 29 120 2 86 37 138 36 145 28 133 4 130 32 85 30 93 135 65 54 142 53 126 137 147 88 96 64 129 132 90 80 76 61 39 68 13 114 33 110 43 117 27 20 81 125 15 92 46 111 44 51 34 
