27 11 40 6 3 99 98 79 67 51 9 56 14 68 72 78 1 71 25 76 10 5 32 83 15 94 17 84 31 87 28 85 21 86 18 65 2 96 41 77 4 93 34 63 0 97 30 74 35 58 57 46 95 29 50 22 88 8 64 37 44 55 59 23 54 49 81 20 91 24 73 19 92 38 47 69 62 43 60 7 90 66 36 82 45 70 12 52 61 13 26 89 16 48 53 39 75 42 80 33 
48 24 14 34 45 6 25 37 46 7 83 58 79 55 57 62 80 87 91 38 73 84 99 2 93 15 64 97 49 53 1 75 29 95 78 16 77 17 66 32 76 20 59 31 81 40 61 26 54 11 71 21 86 90 51 18 70 27 10 67 23 74 41 69 82 33 89 5 4 0 98 19 60 94 28 36 52 13 63 12 30 50 39 3 92 43 35 88 47 65 22 85 42 72 56 44 96 9 68 8 
6 26 32 16 91 54 83 55 37 67 18 59 25 87 3 84 27 62 9 78 34 33 74 47 66 36 77 53 1 90 0 58 24 50 8 69 7 75 30 56 17 96 39 70 12 63 11 82 4 88 68 20 72 40 93 38 76 45 97 28 57 19 95 41 51 29 94 21 98 46 71 44 64 5 52 14 99 13 65 43 61 49 81 35 60 23 79 48 86 31 80 42 89 22 85 10 73 2 92 15 
4 32 30 13 18 20 6 7 83 69 91 80 85 86 79 96 95 17 94 40 74 27 84 29 58 38 63 24 93 49 78 59 44 61 0 52 16 71 36 46 64 43 89 2 72 92 10 87 25 66 33 70 37 76 45 54 9 56 19 51 22 60 31 77 21 99 39 55 67 47 98 15 97 41 65 23 73 12 75 48 57 14 90 28 53 8 11 50 68 26 82 1 81 42 88 35 5 62 34 3 
31 39 64 84 60 89 93 3 63 38 25 56 40 17 55 36 94 65 16 85 86 45 15 46 14 76 0 77 29 50 30 90 26 96 41 69 35 81 19 91 43 52 32 57 11 51 13 79 42 83 2 68 87 99 21 8 80 47 73 1 61 44 62 24 67 12 74 4 78 9 66 27 88 18 72 34 58 22 54 5 98 37 95 23 59 49 53 7 97 28 70 48 75 6 92 20 10 33 82 71 
13 41 28 16 11 17 6 47 12 90 50 98 8 86 61 80 78 96 51 42 29 48 44 70 40 82 24 91 25 69 45 76 9 64 36 75 20 30 77 83 1 73 38 57 3 74 35 87 14 88 52 49 92 43 93 21 84 34 95 31 55 22 56 5 85 37 66 39 54 0 67 7 72 19 68 46 81 33 4 65 23 79 32 99 89 60 18 71 63 58 26 62 2 53 15 59 10 97 94 27 
11 8 5 47 34 9 39 49 14 7 16 58 79 97 71 88 64 93 95 90 80 66 12 70 40 86 32 65 45 87 46 68 24 63 18 84 44 69 33 92 41 60 3 85 35 62 29 51 42 53 91 22 67 30 77 28 81 37 94 25 56 6 76 17 83 10 72 15 52 23 98 4 73 21 99 2 96 27 78 1 59 13 82 48 61 26 75 19 55 20 50 31 54 36 0 89 57 38 74 43 
68 62 54 78 97 93 3 1 42 4 18 14 19 69 25 80 30 98 39 12 59 49 64 27 0 67 45 63 9 70 47 94 38 95 31 66 50 22 90 13 82 16 55 43 56 2 91 37 76 35 71 24 99 8 92 5 58 15 84 48 87 23 89 33 52 11 75 17 88 32 81 6 53 41 57 40 51 7 85 28 65 34 83 46 96 86 60 44 72 26 20 77 36 79 10 61 29 73 21 74 
27 49 20 44 48 37 74 84 71 76 14 56 11 52 22 63 26 69 5 78 40 96 3 99 0 65 17 59 38 57 33 94 16 79 46 97 1 87 19 88 28 61 7 91 12 92 15 68 70 25 51 66 10 67 85 34 86 31 64 18 77 47 83 8 72 24 60 43 90 2 81 32 75 29 54 35 50 9 58 4 98 45 93 62 42 73 23 82 6 55 36 80 30 89 39 95 41 53 21 13 
58 95 67 55 60 90 91 87 71 40 19 34 44 35 20 39 57 25 22 12 74 43 38 86 33 52 42 14 70 9 56 0 94 13 50 21 11 26 79 46 7 85 24 62 6 89 2 65 59 17 98 23 54 84 80 49 61 15 5 72 41 78 29 69 37 75 68 4 96 81 8 83 36 64 1 82 47 63 28 76 99 10 92 3 73 48 66 31 51 77 16 18 88 27 53 30 97 32 45 93 
9 10 46 36 47 20 55 71 93 73 64 45 68 35 69 58 81 2 8 22 27 91 26 72 80 29 94 33 66 61 18 50 79 16 89 3 78 32 85 49 83 31 43 12 82 0 97 5 53 52 77 54 51 34 7 62 4 87 21 92 11 57 41 60 30 13 59 24 67 25 70 40 95 19 96 37 98 39 90 15 65 1 56 38 76 23 84 75 17 14 88 99 6 48 44 28 74 86 63 42 
39 7 9 35 17 21 43 42 2 48 11 60 54 61 83 38 50 74 64 62 12 92 82 85 57 75 65 40 68 95 71 14 93 5 96 10 94 28 73 16 63 19 89 30 52 69 3 56 0 80 33 67 1 99 13 53 27 58 36 51 45 88 18 81 26 86 37 98 4 20 76 32 84 97 79 25 34 91 77 23 66 47 49 46 41 55 78 31 72 44 15 70 8 22 87 24 6 90 59 29 
37 8 28 59 65 50 38 52 22 91 14 71 13 83 48 60 35 94 4 62 18 80 7 74 3 56 2 75 30 73 16 53 23 61 17 88 0 97 36 92 5 98 21 58 1 66 29 64 39 76 90 47 96 49 72 31 54 20 63 27 87 43 99 34 84 45 77 32 51 11 69 33 95 9 78 42 68 6 89 15 82 24 79 26 93 25 85 46 70 19 67 41 55 44 86 12 81 40 57 10 
26 28 14 39 0 41 45 25 3 4 18 19 8 43 72 90 97 77 81 95 80 91 93 87 58 86 84 65 48 17 71 57 30 64 35 68 27 96 2 69 38 66 55 61 94 15 75 51 37 63 6 67 60 29 34 32 74 85 47 52 12 73 20 59 23 70 9 76 5 21 46 56 49 50 88 79 42 98 16 83 40 92 1 82 13 78 24 62 11 53 10 33 99 36 89 31 7 44 54 22 
29 57 93 73 64 59 30 16 35 6 62 20 99 3 60 9 92 31 33 85 58 46 96 25 47 39 87 18 84 4 74 5 17 91 27 79 48 70 0 90 14 77 1 76 12 72 40 86 37 82 23 83 68 2 54 51 11 89 45 61 88 10 81 13 65 19 78 43 67 34 80 44 97 38 63 32 75 24 53 49 56 7 71 41 52 28 98 15 55 36 50 8 21 66 94 26 69 42 95 22 
67 79 57 55 74 90 96 91 86 62 95 9 1 49 44 4 60 26 47 41 56 21 29 38 94 27 48 39 36 85 25 87 10 76 98 31 70 0 52 42 83 2 99 35 61 12 53 19 54 7 69 28 75 23 80 46 59 5 51 64 17 88 33 81 24 63 40 78 11 43 82 6 73 8 89 32 37 58 71 34 68 16 92 22 65 15 66 20 93 3 84 18 50 77 14 30 97 45 72 13 
55 91 70 95 94 11 47 5 28 71 41 37 35 63 14 83 52 18 80 36 66 10 51 21 96 17 20 58 26 75 13 60 81 19 92 29 73 44 78 50 7 85 24 74 49 82 1 3 64 30 76 0 56 33 68 9 4 87 2 72 40 97 89 42 77 23 59 22 93 27 57 46 99 38 88 8 65 25 61 16 98 31 90 45 62 48 86 15 79 32 69 43 6 12 67 53 54 39 34 84 
82 54 41 43 5 39 48 3 0 40 4 20 83 15 77 71 63 61 64 87 69 62 78 91 37 47 55 93 74 19 1 7 88 38 49 72 34 99 29 92 30 79 44 50 45 65 10 59 22 97 36 56 27 57 70 33 85 9 68 12 80 31 53 42 86 32 60 8 51 21 75 35 66 11 23 52 58 6 98 26 73 14 24 76 28 84 46 18 89 13 90 2 95 25 81 16 67 94 96 17 
84 68 86 62 65 81 26 29 9 21 36 19 33 15 94 74 1 46 49 92 5 83 11 57 0 58 12 64 22 63 17 90 27 89 6 71 14 50 47 51 10 78 25 87 31 72 18 54 13 96 42 93 16 48 95 34 77 30 70 91 23 66 76 37 88 73 28 24 99 52 75 8 79 43 55 80 2 85 45 67 39 82 20 44 59 4 56 7 40 98 53 35 69 60 38 97 41 61 32 3 
35 14 58 41 61 40 85 52 10 59 55 16 70 83 43 99 11 50 65 46 81 26 67 2 47 57 37 87 42 76 3 77 25 1 23 82 97 7 89 34 90 73 98 9 88 31 78 4 75 30 21 51 12 94 6 13 64 36 79 5 86 19 93 15 66 48 68 0 80 38 63 49 56 45 53 32 54 29 91 28 92 33 72 18 60 39 84 24 95 27 69 44 74 22 8 71 96 20 62 17 
3 38 48 91 69 95 16 50 30 66 11 85 19 74 26 79 37 71 33 93 24 96 35 62 2 78 12 90 15 31 56 39 75 81 7 70 21 94 34 83 23 53 41 89 47 84 22 65 27 61 54 44 97 76 17 55 46 77 0 80 42 68 32 64 4 51 14 87 49 88 9 99 1 92 29 58 13 86 8 67 43 63 20 57 18 10 98 82 25 52 36 59 6 73 5 60 40 45 72 28 
78 81 71 58 89 56 37 35 66 33 23 38 19 5 1 12 48 97 29 84 49 59 44 90 46 88 95 20 61 2 76 45 99 0 67 16 52 8 98 39 74 41 68 32 83 13 36 63 3 55 22 72 24 80 60 9 75 65 47 70 42 87 11 77 93 31 82 28 64 43 92 7 73 21 91 14 51 10 50 6 96 17 57 34 79 18 54 4 85 30 26 62 27 94 15 53 25 40 86 69 
2 30 17 23 12 1 16 5 94 73 54 56 91 90 65 76 4 47 27 36 87 11 66 46 78 92 25 62 40 52 42 84 44 50 0 13 58 10 74 35 99 60 8 61 49 81 18 51 82 3 64 9 6 79 22 75 93 31 57 37 72 38 97 33 86 32 89 19 53 29 85 21 80 43 59 24 67 20 71 28 96 26 55 39 88 15 77 45 83 48 7 34 70 95 41 98 68 14 63 69 
81 55 97 98 33 41 31 20 8 19 25 4 70 63 87 95 54 52 9 60 45 96 69 17 50 24 66 83 16 82 29 13 44 51 2 80 47 77 43 74 21 65 6 79 76 84 5 10 53 39 57 78 14 12 28 94 38 0 26 67 88 18 61 27 99 46 34 68 35 90 58 1 64 22 86 36 91 37 73 30 11 62 71 3 85 32 93 89 42 59 7 15 92 23 56 75 48 49 72 40 
54 51 46 8 38 78 27 65 47 71 24 80 92 25 72 42 61 43 50 0 75 21 84 12 64 96 30 98 23 94 9 89 22 60 32 82 40 13 55 35 63 2 77 4 52 37 97 5 83 33 90 26 58 14 70 34 74 3 59 1 66 19 68 41 81 15 87 18 67 39 53 31 57 7 79 49 73 36 91 6 56 11 69 20 85 10 88 45 62 28 86 16 99 48 95 17 76 44 93 29 
35 25 56 54 1 32 88 42 81 13 93 23 80 39 72 48 67 62 11 84 17 91 33 87 15 78 26 73 45 83 22 90 18 71 37 58 38 59 61 5 57 36 63 31 97 6 68 20 55 28 75 40 95 8 85 7 64 12 65 43 51 49 50 19 69 29 77 34 60 44 74 21 86 9 98 30 76 3 52 41 96 27 89 2 70 10 94 4 53 99 24 82 16 66 14 79 46 92 0 47 
96 61 79 92 56 55 89 87 59 82 43 25 34 26 23 16 20 48 60 9 41 7 71 68 36 98 42 91 21 1 67 8 80 58 27 11 93 44 97 5 57 39 37 74 46 76 24 51 12 77 28 19 53 14 10 72 13 95 2 86 18 66 35 85 47 64 30 62 70 22 90 4 49 31 50 6 99 3 83 45 78 40 94 38 73 32 65 81 88 0 84 17 52 15 54 75 29 69 33 63 
42 34 43 10 8 44 45 11 19 22 3 49 31 26 39 20 64 54 93 62 65 72 74 82 79 76 27 95 61 60 75 50 92 99 69 85 73 71 25 83 7 81 0 38 58 4 94 37 91 2 48 86 13 87 15 70 14 67 36 57 17 51 6 68 96 40 63 21 18 59 9 88 12 98 33 56 53 5 29 35 84 32 78 41 97 89 16 77 47 90 80 23 30 66 1 55 24 46 52 28 
59 96 71 70 91 94 67 81 63 18 48 2 36 41 10 26 28 47 4 13 37 57 76 1 27 29 75 43 69 92 14 55 93 3 54 35 61 86 62 9 82 0 72 11 5 84 34 66 21 79 23 8 80 46 45 52 51 15 78 17 97 31 68 33 77 20 95 42 88 16 73 49 90 32 98 6 56 12 53 50 38 65 7 74 99 22 58 44 40 85 30 87 25 83 64 24 60 19 89 39 
69 84 88 11 40 27 75 77 22 99 15 19 33 90 39 56 48 71 25 47 54 5 30 70 97 37 62 21 3 86 16 58 0 73 9 61 32 50 18 80 41 76 4 72 36 82 12 63 45 59 53 26 52 2 65 20 91 34 95 17 55 31 92 10 93 29 46 89 7 38 67 78 1 68 14 66 43 74 49 79 96 8 57 83 28 81 35 6 94 44 64 60 87 42 51 85 23 13 98 24 
15 21 43 29 83 69 79 9 56 97 25 96 19 78 3 92 31 62 49 93 23 86 36 51 40 95 6 66 22 60 39 53 20 52 13 74 7 90 1 65 37 77 4 57 46 54 45 58 44 87 76 14 99 32 67 38 63 11 72 42 88 17 71 48 61 30 85 2 59 24 50 12 89 34 75 27 55 26 98 18 91 47 82 28 73 8 80 0 81 35 84 41 70 16 94 33 68 5 64 10 
1 70 55 97 87 89 51 64 63 13 2 21 24 19 36 12 92 7 14 11 84 38 35 76 16 83 34 72 5 22 99 39 74 50 25 66 46 54 49 80 61 78 4 93 47 53 15 57 40 79 90 6 56 31 67 20 95 30 82 27 65 94 45 77 10 60 42 73 3 48 69 9 75 26 81 29 98 85 17 71 88 43 58 44 86 0 62 41 28 32 96 23 68 37 52 8 91 33 59 18 
71 68 50 0 9 24 8 64 17 69 7 87 20 97 47 59 49 85 37 55 44 92 3 67 12 94 22 76 35 52 25 53 13 80 30 90 14 91 26 98 4 65 1 66 11 81 41 82 46 72 73 29 74 36 63 32 62 33 54 34 89 5 84 39 61 43 83 6 95 16 57 21 88 10 93 18 58 31 96 2 75 15 99 19 86 23 70 42 77 28 51 27 78 48 60 40 56 45 79 38 
66 91 70 11 45 10 27 30 69 76 49 36 72 13 95 19 60 98 7 57 28 59 29 88 39 73 18 65 31 97 24 77 35 54 12 58 41 83 14 64 51 15 89 46 80 37 53 16 61 42 93 34 63 82 68 26 56 32 52 22 86 5 78 44 81 40 75 9 84 38 94 1 99 6 62 20 87 17 96 43 92 23 67 25 21 79 2 85 33 55 4 90 0 71 8 48 74 47 50 3 
36 20 32 11 24 40 19 46 22 9 34 56 67 61 69 59 99 92 84 55 96 79 65 82 25 86 91 76 54 31 3 58 41 78 27 57 21 87 49 83 15 60 12 97 10 80 1 94 35 81 95 39 88 98 26 71 90 6 43 7 50 45 8 89 23 17 66 0 28 73 77 14 52 44 85 18 70 5 53 38 93 48 68 47 63 75 37 62 2 42 33 74 16 72 13 30 4 64 29 51 
21 44 60 68 83 66 77 32 76 40 13 39 70 3 67 37 80 7 50 9 84 35 86 63 49 95 48 8 72 47 81 41 51 5 58 73 75 33 57 15 56 28 99 42 65 31 53 45 24 19 97 12 52 38 62 34 85 23 89 26 87 25 64 11 90 4 93 55 30 78 14 92 6 54 22 79 1 74 10 69 61 16 98 18 17 2 82 0 59 36 91 20 94 29 96 43 71 46 88 27 
88 94 54 0 19 41 37 62 7 69 4 74 13 76 36 60 34 50 31 97 44 89 49 87 17 58 32 64 35 59 14 72 2 70 47 55 6 96 33 75 29 61 15 92 11 82 1 86 21 84 67 48 73 38 53 20 79 16 80 3 81 18 66 39 68 9 51 42 83 63 30 78 46 90 24 12 57 40 99 26 85 8 5 52 28 98 43 65 27 71 45 56 95 10 93 25 77 22 91 23 
89 79 54 86 62 51 59 44 48 26 27 45 69 30 20 85 39 9 34 24 91 19 18 92 33 56 16 76 43 84 41 87 7 52 5 83 23 64 37 82 4 77 22 98 47 60 0 90 8 71 88 14 81 15 95 11 53 29 61 40 65 36 63 32 50 10 72 31 58 38 57 35 74 1 96 68 13 66 12 21 73 28 67 3 78 6 94 46 93 2 97 42 75 25 80 99 70 49 55 17 
22 5 17 37 7 21 19 8 66 93 10 91 70 61 74 56 84 50 55 28 58 75 68 46 79 38 86 6 60 4 64 31 94 45 88 57 15 35 25 41 32 65 42 89 48 85 39 78 99 90 34 96 63 13 59 97 92 36 67 26 76 62 47 51 52 44 81 0 40 83 30 77 2 23 82 14 69 1 54 29 20 53 49 98 18 80 72 27 33 11 73 43 12 87 95 9 24 3 71 16 
47 6 4 49 17 15 42 41 2 38 58 80 93 68 78 71 69 61 55 36 63 79 66 44 51 81 82 33 83 99 9 67 29 89 30 46 95 57 11 98 22 90 50 70 31 27 91 87 8 85 20 1 72 5 77 28 45 76 14 96 19 88 34 92 18 97 7 26 84 12 73 40 37 75 25 60 35 53 23 62 32 86 39 59 48 3 65 13 64 10 52 54 0 24 94 21 56 16 74 43 
27 6 18 14 2 38 4 16 85 91 75 94 69 59 72 65 51 19 99 49 96 22 67 7 55 43 62 17 98 9 74 11 81 25 64 37 87 44 52 8 82 48 66 31 71 30 79 97 36 84 40 23 93 29 95 45 56 5 53 15 78 32 89 12 68 33 50 47 90 13 83 26 86 0 76 1 61 39 88 3 80 28 60 35 57 46 77 42 58 24 54 10 92 70 20 34 63 21 73 41 
34 26 16 36 7 83 6 70 68 60 98 67 15 28 93 48 14 3 33 58 13 52 29 92 1 65 94 8 17 51 19 88 50 69 22 95 25 71 42 90 61 73 79 5 27 55 30 23 78 20 45 91 24 43 81 76 56 32 63 2 75 54 10 37 85 87 99 21 66 31 11 62 4 86 40 97 38 59 46 74 18 84 44 96 47 77 35 57 64 49 41 72 82 9 80 0 89 53 39 12 
47 1 88 99 76 94 56 58 33 24 68 3 40 48 46 66 29 9 98 5 60 13 97 31 67 19 80 4 91 37 95 0 59 17 86 30 96 27 63 23 89 7 79 2 92 15 53 28 90 50 21 71 26 55 32 61 74 35 12 54 16 39 85 41 73 18 93 20 83 44 69 43 70 36 81 10 87 25 77 11 51 42 62 14 82 45 75 34 65 8 84 6 57 49 64 22 72 38 78 52 
37 25 33 35 13 44 26 0 41 6 11 89 72 78 60 70 63 94 77 69 68 51 65 20 86 16 98 22 58 46 93 27 95 62 5 52 92 45 74 81 84 61 19 40 4 54 12 38 59 39 90 42 53 10 99 49 57 32 55 24 64 9 50 23 67 3 71 14 73 2 75 8 85 21 66 91 17 97 82 7 76 47 56 80 18 43 48 83 28 79 1 36 88 31 34 87 29 96 30 15 
92 89 67 80 82 23 1 47 30 75 28 35 51 37 99 78 22 53 0 81 2 85 42 88 21 60 36 90 40 97 19 74 16 93 12 79 5 69 39 86 14 63 45 52 48 59 4 61 44 62 98 8 87 18 73 77 49 64 10 26 41 71 32 70 46 15 72 24 6 54 11 94 43 17 57 3 65 56 20 9 95 13 55 50 91 31 96 33 76 66 83 7 34 58 25 29 38 68 27 84 
5 1 28 2 6 70 71 68 81 79 92 17 53 20 74 64 16 48 88 36 57 25 85 69 29 52 7 54 34 67 45 99 11 97 22 62 27 82 23 95 24 87 37 59 4 80 9 65 41 73 60 33 78 3 91 0 75 42 89 31 56 32 86 14 96 49 90 46 66 19 15 13 72 8 10 44 98 51 55 38 83 18 77 35 12 50 84 47 58 39 43 63 30 93 26 61 94 40 76 21 
72 6 39 66 60 30 24 95 28 83 97 0 25 2 84 86 68 20 96 53 7 36 13 16 22 14 9 73 70 99 5 93 32 85 34 82 43 58 38 94 44 57 42 55 19 69 21 88 45 98 56 35 65 12 80 10 61 29 76 15 79 3 91 49 92 1 67 4 77 37 78 26 89 17 50 40 81 46 59 27 62 18 52 33 51 11 74 31 71 64 75 47 54 23 63 8 48 90 41 87 
97 63 64 56 70 51 85 66 96 1 13 44 0 57 7 5 10 32 20 61 43 46 37 25 54 36 89 4 78 19 81 22 90 11 94 28 60 6 58 73 14 67 16 52 12 68 30 91 35 99 84 42 95 17 75 49 74 8 92 3 50 39 82 15 69 38 87 24 88 21 79 2 71 45 80 9 53 31 62 48 55 47 59 23 33 72 77 34 41 86 26 18 65 98 40 83 76 93 29 27 
17 60 30 96 39 72 23 66 29 53 6 95 46 44 59 3 51 41 81 2 68 14 50 28 11 69 16 92 80 43 63 36 83 45 0 74 20 52 22 58 48 73 75 85 87 79 12 9 86 56 4 47 78 70 32 64 21 54 38 61 42 55 31 26 65 7 94 8 90 24 77 10 67 37 97 15 88 19 91 33 99 5 89 34 27 62 1 82 25 71 49 98 18 84 40 57 13 93 76 35 
85 83 66 43 48 36 2 72 32 82 21 53 17 59 38 96 0 87 42 60 23 88 18 91 30 51 13 64 9 52 6 78 28 76 33 58 20 84 14 56 50 10 70 19 93 27 95 16 54 44 65 97 24 86 37 81 12 79 15 61 22 92 7 69 31 94 3 71 8 74 34 75 39 77 29 73 4 57 5 41 99 46 62 11 63 1 80 45 98 26 68 25 89 49 90 47 55 35 67 40 
